0,0,0,0.6,0.6,0,0,2.4,1.2
0.01,0.003,0.003,0.594,0.594,0.012,0.006,2.376,1.2
0.02,0.005955,0.005955,0.58809,0.58809,0.02382,0.01197,2.35236,1.2
0.03,0.008865675,0.008865675,0.5822686499999999,0.5822686499999999,0.0354627,0.01791015,2.3290746,1.2
0.04,0.011732689875,0.011732689875,0.57653462025,0.57653462025,0.0469307595,0.02382059925,2.306138481,1.2
0.05,0.014556699526875,0.014556699526875,0.57088660094625,0.57088660094625,0.05822679810750001,0.02970149625375,2.283546403785,1.2
0.06,0.01733834903397188,0.01733834903397188,0.5653233019320563,0.5653233019320563,0.06935339613588751,0.03555298877248125,2.261293207728225,1.2
0.07000000000000001,0.0200782737984623,0.0200782737984623,0.5598434524030754,0.5598434524030754,0.08031309519384919,0.04137522382861884,2.239373809612302,1.2
0.08,0.02277709969148536,0.02277709969148536,0.5544458006170292,0.5544458006170292,0.09110839876594146,0.04716834770947575,2.217783202468117,1.2
0.09,0.02543544319611308,0.02543544319611308,0.5491291136077738,0.5491291136077738,0.1017417727844523,0.05293250597092837,2.196516454431095,1.2
0.1,0.02805391154817139,0.02805391154817139,0.5438921769036572,0.5438921769036572,0.1122156461926856,0.05866784344107373,2.175568707614629,1.2
0.11,0.03063310287494882,0.03063310287494882,0.5387337942501024,0.5387337942501024,0.1225324114997953,0.06437450422386837,2.154935177000409,1.2
0.12,0.03317360633182458,0.03317360633182458,0.5336527873363508,0.5336527873363508,0.1326944253272983,0.07005263170274903,2.134611149345403,1.2
0.13,0.03567600223684721,0.03567600223684721,0.5286479955263056,0.5286479955263056,0.1427040089473889,0.07570236854423529,2.114591982105222,1.2
0.14,0.0381408622032945,0.0381408622032945,0.523718275593411,0.523718275593411,0.152563448813178,0.08132385670151411,2.094873102373644,1.2
0.15,0.04056874927024508,0.04056874927024508,0.5188625014595099,0.5188625014595099,0.1622749970809803,0.08691723741800654,2.075450005838039,1.2
0.16,0.04296021803119141,0.04296021803119141,0.5140795639376172,0.5140795639376172,0.1718408721247656,0.09248265123091651,2.056318255750469,1.2
0.17,0.04531581476072354,0.04531581476072354,0.5093683704785529,0.5093683704785529,0.1812632590428941,0.09802023797476192,2.037473481914212,1.2
0.18,0.04763607753931268,0.04763607753931268,0.5047278449213746,0.5047278449213746,0.1905443101572507,0.1035301367848881,2.018911379685498,1.2
0.19,0.04992153637622299,0.04992153637622299,0.500156927247554,0.500156927247554,0.199686145504892,0.1090124861009637,2.000627708990216,1.2
0.2,0.05217271333057965,0.05217271333057965,0.4956545733388407,0.4956545733388407,0.2086908533223186,0.1144674236704589,1.982618293355363,1.2
0.21,0.05439012263062096,0.05439012263062096,0.4912197547387581,0.4912197547387581,0.2175604905224838,0.1198950865521066,1.964879018955032,1.2
0.22,0.05657427079116165,0.05657427079116165,0.4868514584176767,0.4868514584176767,0.2262970831646466,0.125295611119346,1.947405833670707,1.2
0.23,0.05872565672929422,0.05872565672929422,0.4825486865414115,0.4825486865414115,0.2349026269171769,0.1306691330637493,1.930194746165646,1.2
0.24,0.06084477187835481,0.06084477187835481,0.4783104562432904,0.4783104562432904,0.2433790875134192,0.1360157873984306,1.913241824973162,1.2
0.25,0.06293210030017948,0.06293210030017948,0.474135799399641,0.474135799399641,0.2517284012007179,0.1413357084614384,1.896543197598564,1.2
0.26,0.06498811879567679,0.06498811879567679,0.4700237624086464,0.4700237624086464,0.2599524751827071,0.1466290299191312,1.880095049634586,1.2
0.27,0.06701329701374163,0.06701329701374163,0.4659734059725167,0.4659734059725167,0.2680531880549665,0.1518958847695356,1.863893623890067,1.2
0.28,0.06900809755853551,0.06900809755853551,0.461983804882929,0.461983804882929,0.2760323902341421,0.1571364053456879,1.847935219531716,1.2
0.29,0.07097297609515749,0.07097297609515749,0.458054047809685,0.458054047809685,0.2838919043806299,0.1623507233189595,1.83221619123874,1.2
0.3,0.07290838145373012,0.07290838145373012,0.4541832370925397,0.4541832370925397,0.2916335258149205,0.1675389697023647,1.816732948370159,1.2
0.31,0.07481475573192417,0.07481475573192417,0.4503704885361516,0.4503704885361516,0.2992590229276967,0.1727012748538529,1.801481954144607,1.2
0.32,0.07669253439594531,0.07669253439594531,0.4466149312081094,0.4466149312081094,0.3067701375837812,0.1778377684795836,1.786459724832437,1.2
0.33,0.07854214638000613,0.07854214638000613,0.4429157072399877,0.4429157072399877,0.3141685855200245,0.1829485796371857,1.771662828959951,1.2
0.34,0.08036401418430604,0.08036401418430604,0.4392719716313879,0.4392719716313879,0.3214560567372242,0.1880338367389998,1.757087886525551,1.2
0.35,0.08215855397154145,0.08215855397154145,0.4356828920569171,0.4356828920569171,0.3286342158861658,0.1930936675553048,1.742731568227668,1.2
0.36,0.08392617566196833,0.08392617566196833,0.4321476486760633,0.4321476486760633,0.3357047026478733,0.1981281992175283,1.728590594704253,1.2
0.37,0.08566728302703881,0.08566728302703881,0.4286654339459224,0.4286654339459224,0.3426691321081552,0.2031375582214406,1.71466173578369,1.2
0.38,0.08738227378163323,0.08738227378163323,0.4252354524367336,0.4252354524367336,0.3495290951265329,0.2081218704303334,1.700941809746934,1.2
0.39,0.08907153967490873,0.08907153967490873,0.4218569206501825,0.4218569206501825,0.3562861586996349,0.2130812610781818,1.68742768260073,1.2
0.4,0.0907354665797851,0.0907354665797851,0.4185290668404298,0.4185290668404298,0.3629418663191404,0.2180158547727908,1.674116267361719,1.2
0.41,0.09237443458108832,0.09237443458108832,0.4152511308378233,0.4152511308378233,0.3694977383243533,0.2229257754989269,1.661004523351293,1.2
0.42,0.093988818062372,0.093988818062372,0.412022363875256,0.412022363875256,0.375955272249488,0.2278111466214323,1.648089455501024,1.2
0.43,0.09557898579143642,0.09557898579143642,0.4088420284171271,0.4088420284171271,0.3823159431657457,0.2326720908883251,1.635368113668509,1.2
0.44,0.09714530100456488,0.09714530100456488,0.4057093979908702,0.4057093979908702,0.3885812040182595,0.2375087304338835,1.622837591963481,1.2
0.45,0.09868812148949641,0.09868812148949641,0.4026237570210072,0.4026237570210072,0.3947524859579856,0.2423211867817141,1.610495028084029,1.2
0.46,0.100207799667154,0.100207799667154,0.3995844006656921,0.3995844006656921,0.4008311986686158,0.2471095808478055,1.598337602662768,1.2
0.47,0.1017046826721466,0.1017046826721466,0.3965906346557067,0.3965906346557067,0.4068187306885866,0.2518740329435665,1.586362538622827,1.2
0.48,0.1031791124320644,0.1031791124320644,0.3936417751358711,0.3936417751358711,0.4127164497282578,0.2566146627788486,1.574567100543484,1.2
0.49,0.1046314257455835,0.1046314257455835,0.390737148508833,0.390737148508833,0.4185257029823339,0.2613315894649544,1.562948594035332,1.2
0.5,0.1060619543593997,0.1060619543593997,0.3878760912812005,0.3878760912812005,0.4242478174375989,0.2660249315176296,1.551504365124802,1.2
0.51,0.1074710250440087,0.1074710250440087,0.3850579499119825,0.3850579499119825,0.4298841001760349,0.2706948068600415,1.54023179964793,1.2
0.52,0.1088589596683486,0.1088589596683486,0.3822820806633028,0.3822820806633028,0.4354358386733944,0.2753413328257413,1.529128322653211,1.2
0.53,0.1102260752733234,0.1102260752733234,0.3795478494533533,0.3795478494533533,0.4409043010932934,0.2799646261616126,1.518191397813413,1.2
0.54,0.1115726841442235,0.1115726841442235,0.376854631711553,0.376854631711553,0.446290736576894,0.2845648030308046,1.507418526846212,1.2
0.55,0.1128990938820602,0.1128990938820602,0.3742018122358797,0.3742018122358797,0.4515963755282406,0.2891419790156505,1.496807248943519,1.2
0.5600000000000001,0.1142056074738293,0.1142056074738293,0.3715887850523415,0.3715887850523415,0.456822429895317,0.2936962691205723,1.486355140209366,1.2
0.5700000000000001,0.1154925233617218,0.1154925233617218,0.3690149532765563,0.3690149532765563,0.4619700934468873,0.2982277877749694,1.476059813106225,1.2
0.58,0.116760135511296,0.116760135511296,0.366479728977408,0.366479728977408,0.467040542045184,0.3027366488360946,1.465918915909632,1.2
0.59,0.1180087334786266,0.1180087334786266,0.3639825330427469,0.3639825330427469,0.4720349339145062,0.3072229655919141,1.455930132170987,1.2
0.6,0.1192386024764472,0.1192386024764472,0.3615227950471057,0.3615227950471057,0.4769544099057886,0.3116868507639545,1.446091180188423,1.2
0.61,0.1204500234393004,0.1204500234393004,0.3590999531213991,0.3590999531213991,0.4818000937572018,0.3161284165101347,1.436399812485596,1.2
0.62,0.1216432730877109,0.1216432730877109,0.3567134538245781,0.3567134538245781,0.4865730923508438,0.3205477744275841,1.426853815298312,1.2
0.63,0.1228186239913953,0.1228186239913953,0.3543627520172094,0.3543627520172094,0.4912744959655811,0.3249450355554462,1.417451008068838,1.2
0.64,0.1239763446315244,0.1239763446315244,0.3520473107369513,0.3520473107369513,0.4959053785260975,0.329320310377669,1.408189242947805,1.2
0.65,0.1251166994620515,0.1251166994620515,0.349766601075897,0.349766601075897,0.500466797848206,0.3336737088257806,1.399066404303588,1.2
0.66,0.1262399489701207,0.1262399489701207,0.3475201020597585,0.3475201020597585,0.5049597958804829,0.3380053402816517,1.390080408239034,1.2
0.67,0.1273463497355689,0.1273463497355689,0.3453073005288622,0.3453073005288622,0.5093853989422756,0.3423153135802435,1.381229202115449,1.2
0.68,0.1284361544895354,0.1284361544895354,0.3431276910209292,0.3431276910209292,0.5137446179581415,0.3466037370123423,1.372510764083717,1.2
0.6900000000000001,0.1295096121721923,0.1295096121721923,0.3409807756556153,0.3409807756556153,0.5180384486887694,0.3508707183272806,1.363923102622461,1.2
0.7000000000000001,0.1305669679896095,0.1305669679896095,0.3388660640207811,0.3388660640207811,0.5222678719584378,0.3551163647356442,1.355464256083124,1.2
0.71,0.1316084634697653,0.1316084634697653,0.3367830730604693,0.3367830730604693,0.5264338538790613,0.359340782911966,1.347132292241877,1.2
0.72,0.1326343365177188,0.1326343365177188,0.3347313269645623,0.3347313269645623,0.5305373460708753,0.3635440789974062,1.338925307858249,1.2
0.73,0.133644821469953,0.133644821469953,0.3327103570600939,0.3327103570600939,0.5345792858798122,0.3677263586024191,1.330841428240376,1.2
0.74,0.1346401491479038,0.1346401491479038,0.3307197017041925,0.3307197017041925,0.538560596591615,0.3718877268094071,1.32287880681677,1.2
0.75,0.1356205469106852,0.1356205469106852,0.3287589061786296,0.3287589061786296,0.5424821876427408,0.37602828817536,1.315035624714518,1.2
0.76,0.1365862387070249,0.1365862387070249,0.3268275225859501,0.3268275225859501,0.5463449548280997,0.3801481467344833,1.3073100903438,1.2
0.77,0.1375374451264195,0.1375374451264195,0.3249251097471609,0.3249251097471609,0.5501497805056782,0.3842474060008109,1.299700438988644,1.2
0.78,0.1384743834495233,0.1384743834495233,0.3230512331009535,0.3230512331009535,0.553897533798093,0.3883261689708068,1.292204932403814,1.2
0.79,0.1393972676977804,0.1393972676977804,0.3212054646044392,0.3212054646044392,0.5575890707911216,0.3923845381259528,1.284821858417757,1.2
0.8,0.1403063086823137,0.1403063086823137,0.3193873826353726,0.3193873826353726,0.5612252347292548,0.396422615435323,1.27754953054149,1.2
0.8100000000000001,0.141201714052079,0.141201714052079,0.317596571895842,0.317596571895842,0.5648068562083159,0.4004405023581464,1.270386287583368,1.2
0.8200000000000001,0.1420836883412978,0.1420836883412978,0.3158326233174044,0.3158326233174044,0.5683347533651912,0.4044382998463557,1.263330493269617,1.2
0.8300000000000001,0.1429524330161784,0.1429524330161784,0.3140951339676433,0.3140951339676433,0.5718097320647134,0.4084161083471239,1.256380535870573,1.2
0.84,0.1438081465209357,0.1438081465209357,0.3123837069581286,0.3123837069581286,0.5752325860837427,0.4123740278053883,1.249534827832514,1.2
0.85,0.1446510243231217,0.1446510243231217,0.3106979513537567,0.3106979513537567,0.5786040972924866,0.4163121576663614,1.242791805415027,1.2
0.86,0.1454812589582748,0.1454812589582748,0.3090374820834503,0.3090374820834503,0.5819250358330993,0.4202305968780295,1.236149928333801,1.2
0.87,0.1462990400739007,0.1462990400739007,0.3074019198521986,0.3074019198521986,0.5851961602956028,0.4241294438936394,1.229607679408794,1.2
0.88,0.1471045544727922,0.1471045544727922,0.3057908910544156,0.3057908910544156,0.5884182178911688,0.4280087966741712,1.223163564217662,1.2
0.89,0.1478979861557003,0.1478979861557003,0.3042040276885993,0.3042040276885993,0.5915919446228013,0.4318687526908003,1.216816110754397,1.2
0.9,0.1486795163633648,0.1486795163633648,0.3026409672732703,0.3026409672732703,0.5947180654534593,0.4357094089273463,1.210563869093081,1.2
0.91,0.1494493236179144,0.1494493236179144,0.3011013527641713,0.3011013527641713,0.5977972944716574,0.4395308618827096,1.204405411056685,1.2
0.92,0.1502075837636456,0.1502075837636456,0.2995848324727087,0.2995848324727087,0.6008303350545825,0.4433332075732961,1.198339329890835,1.2
0.93,0.1509544700071909,0.1509544700071909,0.2980910599856181,0.2980910599856181,0.6038178800287638,0.4471165415354296,1.192364239942472,1.2
0.9400000000000001,0.1516901529570831,0.1516901529570831,0.2966196940858338,0.2966196940858338,0.6067606118283323,0.4508809588277525,1.186478776343335,1.2
0.9500000000000001,0.1524148006627268,0.1524148006627268,0.2951703986745463,0.2951703986745463,0.6096592026509073,0.4546265540336137,1.180681594698185,1.2
0.96,0.1531285786527859,0.1531285786527859,0.2937428426944281,0.2937428426944281,0.6125143146111437,0.4583534212634457,1.174971370777713,1.2
0.97,0.1538316499729941,0.1538316499729941,0.2923367000540117,0.2923367000540117,0.6153265998919766,0.4620616541571285,1.169346800216047,1.2
0.98,0.1545241752233992,0.1545241752233992,0.2909516495532015,0.2909516495532015,0.6180967008935969,0.4657513458863428,1.163806598212806,1.2
0.99,0.1552063125950482,0.1552063125950482,0.2895873748099035,0.2895873748099035,0.620825250380193,0.4694225891569111,1.158349499239614,1.2
1,0.1558782179061225,0.1558782179061225,0.2882435641877549,0.2882435641877549,0.6235128716244901,0.4730754762111266,1.15297425675102,1.2
1.01,0.1565400446375307,0.1565400446375307,0.2869199107249386,0.2869199107249386,0.6261601785501227,0.4767100988300709,1.147679642899754,1.2
1.02,0.1571919439679677,0.1571919439679677,0.2856161120640645,0.2856161120640645,0.6287677758718709,0.4803265483359206,1.142464448256258,1.2
1.03,0.1578340648084482,0.1578340648084482,0.2843318703831035,0.2843318703831035,0.6313362592337929,0.483924915594241,1.137327481532414,1.2
1.04,0.1584665538363215,0.1584665538363215,0.283066892327357,0.283066892327357,0.633866215345286,0.4875052910162698,1.132267569309428,1.2
1.05,0.1590895555287767,0.1590895555287767,0.2818208889424466,0.2818208889424466,0.6363582221151067,0.4910677645611884,1.127283555769786,1.2
1.06,0.159703212195845,0.159703212195845,0.2805935756083099,0.2805935756083099,0.6388128487833802,0.4946124257383825,1.12237430243324,1.2
1.07,0.1603076640129074,0.1603076640129074,0.2793846719741853,0.2793846719741853,0.6412306560516294,0.4981393636096906,1.117538687896741,1.2
1.08,0.1609030490527137,0.1609030490527137,0.2781939018945725,0.2781939018945725,0.643612196210855,0.5016486667916421,1.11277560757829,1.2
1.09,0.161489503316923,0.161489503316923,0.2770209933661539,0.2770209933661539,0.6459580132676922,0.5051404234576838,1.108083973464616,1.2
1.1,0.1620671607671692,0.1620671607671692,0.2758656784656616,0.2758656784656616,0.6482686430686768,0.5086147213403954,1.103462713862646,1.2
1.11,0.1626361533556617,0.1626361533556617,0.2747276932886766,0.2747276932886766,0.6505446134226467,0.5120716477336934,1.098910773154707,1.2
1.12,0.1631966110553267,0.1631966110553267,0.2736067778893465,0.2736067778893465,0.6527864442213069,0.5155112894950249,1.094427111557386,1.2
1.13,0.1637486618894968,0.1637486618894968,0.2725026762210063,0.2725026762210063,0.6549946475579873,0.5189337330475498,1.090010704884025,1.2
1.14,0.1642924319611544,0.1642924319611544,0.2714151360776912,0.2714151360776912,0.6571697278446175,0.522339064382312,1.085660544310765,1.2
1.15,0.164828045481737,0.164828045481737,0.2703439090365259,0.2703439090365259,0.6593121819269482,0.5257273690604005,1.081375636146104,1.2
1.16,0.165355624799511,0.165355624799511,0.269288750400978,0.269288750400978,0.661422499198044,0.5290987322150985,1.077155001603912,1.2
1.17,0.1658752904275183,0.1658752904275183,0.2682494191449633,0.2682494191449633,0.6635011617100733,0.532453238554023,1.072997676579853,1.2
1.18,0.1663871610711056,0.1663871610711056,0.2672256778577888,0.2672256778577888,0.6655486442844223,0.5357909723612529,1.068902711431155,1.2
1.19,0.166891353655039,0.166891353655039,0.266217292689922,0.266217292689922,0.667565414620156,0.5391120174994467,1.064869170759688,1.2
1.2,0.1673879833502134,0.1673879833502134,0.2652240332995732,0.2652240332995732,0.6695519334008536,0.5424164574119494,1.060896133198293,1.2
1.21,0.1678771635999602,0.1678771635999602,0.2642456728000795,0.2642456728000795,0.6715086543998409,0.5457043751248897,1.056982691200318,1.2
1.22,0.1683590061459608,0.1683590061459608,0.2632819877080784,0.2632819877080784,0.6734360245838432,0.5489758532492652,1.053127950832313,1.2
1.23,0.1688336210537714,0.1688336210537714,0.2623327578924572,0.2623327578924572,0.6753344842150856,0.5522309739830189,1.049331031569829,1.2
1.24,0.1693011167379648,0.1693011167379648,0.2613977665240703,0.2613977665240703,0.6772044669518593,0.5554698191131038,1.045591066096281,1.2
1.25,0.1697615999868954,0.1697615999868954,0.2604768000262093,0.2604768000262093,0.6790463999475814,0.5586924700175383,1.041907200104837,1.2
1.26,0.1702151759870919,0.1702151759870919,0.2595696480258161,0.2595696480258161,0.6808607039483677,0.5618990076674506,1.038278592103264,1.2
1.27,0.1706619483472855,0.1706619483472855,0.2586761033054289,0.2586761033054289,0.6826477933891422,0.5650895126291133,1.034704413221716,1.2
1.28,0.1711020191220763,0.1711020191220763,0.2577959617558475,0.2577959617558475,0.684408076488305,0.5682640650659677,1.03118384702339,1.2
1.29,0.1715354888352451,0.1715354888352451,0.2569290223295098,0.2569290223295098,0.6861419553409804,0.5714227447406379,1.027716089318039,1.2
1.3,0.1719624565027164,0.1719624565027164,0.2560750869945671,0.2560750869945671,0.6878498260108658,0.5745656310169347,1.024300347978268,1.2
1.31,0.1723830196551757,0.1723830196551757,0.2552339606896486,0.2552339606896486,0.6895320786207028,0.57769280286185,1.020935842758594,1.2
1.32,0.1727972743603481,0.1727972743603481,0.2544054512793039,0.2544054512793039,0.6911890974413922,0.5808043388475408,1.017621805117215,1.2
1.33,0.1732053152449428,0.1732053152449428,0.2535893695101143,0.2535893695101143,0.6928212609797714,0.583900317153303,1.014357478040457,1.2
1.34,0.1736072355162687,0.1736072355162687,0.2527855289674626,0.2527855289674626,0.6944289420650748,0.5869808155675366,1.01114211586985,1.2
1.35,0.1740031269835247,0.1740031269835247,0.2519937460329507,0.2519937460329507,0.6960125079340986,0.5900459114896989,1.007974984131803,1.2
1.36,0.1743930800787718,0.1743930800787718,0.2512138398424564,0.2512138398424564,0.6975723203150872,0.5930956819322504,1.004855359369826,1.2
1.37,0.1747771838775902,0.1747771838775902,0.2504456322448195,0.2504456322448195,0.6991087355103609,0.5961302035225892,1.001782528979278,1.2
1.38,0.1751555261194264,0.1751555261194264,0.2496889477611473,0.2496889477611473,0.7006221044777055,0.5991495525049763,0.998755791044589,1.2
1.39,0.175528193227635,0.175528193227635,0.24894361354473,0.24894361354473,0.7021127729105399,0.6021538047424514,0.9957744541789202,1.195692390515097
1.4,0.1758952703292204,0.1758952703292204,0.2482094593415591,0.2482094593415591,0.7035810813168818,0.6051214976713146,0.9928378373662363,1.189757004657371
1.41,0.1762568412742821,0.1762568412742821,0.2474863174514357,0.2474863174514357,0.7050273650971286,0.6080446752062449,0.9899452698057427,1.18391064958751
1.42,0.1766129886551679,0.1766129886551679,0.2467740226896641,0.2467740226896641,0.7064519546206717,0.6109240050781513,0.9870960907586566,1.178151989843697
1.43,0.1769637938253404,0.1769637938253404,0.2460724123493192,0.2460724123493192,0.7078551753013615,0.613760145001979,0.9842896493972768,1.172479709996042
1.44,0.1773093369179603,0.1773093369179603,0.2453813261640794,0.2453813261640794,0.7092373476718411,0.6165537428269493,0.9815253046563177,1.166892514346101
1.45,0.1776496968641909,0.1776496968641909,0.2447006062716182,0.2447006062716182,0.7105987874567635,0.6193054366845451,0.9788024250864729,1.16138912663091
1.46,0.177984951411228,0.177984951411228,0.2440300971775439,0.2440300971775439,0.7119398056449121,0.6220158551342769,0.9761203887101757,1.155968289731446
1.47,0.1783151771400596,0.1783151771400596,0.2433696457198808,0.2433696457198808,0.7132607085602384,0.6246856173072628,0.9734785828795232,1.150628765385474
1.48,0.1786404494829587,0.1786404494829587,0.2427191010340826,0.2427191010340826,0.7145617979318348,0.6273153330476539,0.9708764041363303,1.145369333904692
1.49,0.1789608427407143,0.1789608427407143,0.2420783145185713,0.2420783145185713,0.7158433709628573,0.6299056030519391,0.9683132580742853,1.140188793896122
1.5,0.1792764300996036,0.1792764300996036,0.2414471398007927,0.2414471398007927,0.7171057203984145,0.63245701900616,0.965788559203171,1.13508596198768
1.51,0.1795872836481096,0.1795872836481096,0.2408254327037809,0.2408254327037809,0.7183491345924382,0.6349701637210676,0.9633017308151235,1.130059672557865
1.52,0.1798934743933879,0.1798934743933879,0.2402130512132242,0.2402130512132242,0.7195738975735516,0.6374456112652516,0.9608522048528967,1.125108777469497
1.53,0.1801950722774871,0.1801950722774871,0.2396098554450258,0.2396098554450258,0.7207802891099483,0.6398839270962728,0.9584394217801033,1.120232145807454
1.54,0.1804921461933248,0.1804921461933248,0.2390157076133504,0.2390157076133504,0.7219685847732991,0.6422856681898288,0.9560628304534018,1.115428663620342
1.55,0.1807847640004249,0.1807847640004249,0.2384304719991502,0.2384304719991502,0.7231390560016996,0.6446513831669813,0.9537218879966007,1.110697233666037
1.56,0.1810729925404185,0.1810729925404185,0.2378540149191629,0.2378540149191629,0.7242919701616741,0.6469816124194766,0.9514160596766517,1.106036775161047
1.57,0.1813568976523122,0.1813568976523122,0.2372862046953755,0.2372862046953755,0.725427590609249,0.6492768882331844,0.9491448187815019,1.101446223533631
1.58,0.1816365441875276,0.1816365441875276,0.2367269116249449,0.2367269116249449,0.7265461767501102,0.6515377349096867,0.9469076464997794,1.096924530180627
1.59,0.1819119960247146,0.1819119960247146,0.2361760079505707,0.2361760079505707,0.7276479840988586,0.6537646688860413,0.9447040318022828,1.092470662227917
1.6,0.1821833160843439,0.1821833160843439,0.2356333678313121,0.2356333678313121,0.7287332643373757,0.6559581988527508,0.9425334713252485,1.088083602294498
1.61,0.1824505663430788,0.1824505663430788,0.2350988673138424,0.2350988673138424,0.7298022653723151,0.6581188258699595,0.9403954692553698,1.083762348260081
1.62,0.1827138078479326,0.1827138078479326,0.2345723843041348,0.2345723843041348,0.7308552313917304,0.6602470434819101,0.9382895372165392,1.07950591303618
1.63,0.1829731007302136,0.1829731007302136,0.2340537985395728,0.2340537985395728,0.7318924029208544,0.6623433378296815,0.936215194158291,1.075313324340637
1.64,0.1832285042192604,0.1832285042192604,0.2335429915614792,0.2335429915614792,0.7329140168770416,0.6644081877622362,0.9341719662459167,1.071183624475528
1.65,0.1834800766559715,0.1834800766559715,0.233039846688057,0.233039846688057,0.733920306623886,0.6664420649458026,0.932159386752228,1.067115870108395
1.66,0.1837278755061319,0.1837278755061319,0.2325442489877361,0.2325442489877361,0.7349115020245277,0.6684454339716156,0.9301769959509445,1.063109132056769
1.67,0.1839719573735399,0.1839719573735399,0.2320560852529201,0.2320560852529201,0.7358878294941598,0.6704187524620414,0.9282243410116804,1.059162495075917
1.68,0.1842123780129368,0.1842123780129368,0.2315752439741263,0.2315752439741263,0.7368495120517473,0.6723624711751108,0.9263009758965053,1.055275057649778
1.69,0.1844491923427428,0.1844491923427428,0.2311016153145145,0.2311016153145145,0.7377967693709711,0.6742770341074842,0.9244064612580578,1.051445931785032
1.7,0.1846824544576016,0.1846824544576016,0.2306350910847967,0.2306350910847967,0.7387298178304065,0.6761628785958719,0.922540364339187,1.047674242808256
1.71,0.1849122176407376,0.1849122176407376,0.2301755647185248,0.2301755647185248,0.7396488705629504,0.6780204354169338,0.9207022588740992,1.043959129166132
1.72,0.1851385343761265,0.1851385343761265,0.2297229312477469,0.2297229312477469,0.7405541375045062,0.6798501288856797,0.9188917249909876,1.04029974222864
1.73,0.1853614563604846,0.1853614563604846,0.2292770872790307,0.2292770872790307,0.7414458254419386,0.6816523769523946,0.9171083491161227,1.036695246095211
1.74,0.1855810345150774,0.1855810345150774,0.2288379309698452,0.2288379309698452,0.7423241380603095,0.6834275912981086,0.9153517238793809,1.033144817403783
1.75,0.1857973189973512,0.1857973189973512,0.2284053620052975,0.2284053620052975,0.7431892759894049,0.685176177428637,0.9136214480211902,1.029647645142726
1.76,0.186010359212391,0.186010359212391,0.2279792815752181,0.2279792815752181,0.7440414368495638,0.6868985347672074,0.9119171263008723,1.026202930465585
1.77,0.1862202038242051,0.1862202038242051,0.2275595923515898,0.2275595923515898,0.7448808152968204,0.6885950567456993,0.9102383694063592,1.022809886508601
1.78,0.186426900766842,0.186426900766842,0.227146198466316,0.227146198466316,0.7457076030673681,0.6902661308945138,0.9085847938652638,1.019467738210972
1.79,0.1866304972553394,0.1866304972553394,0.2267390054893212,0.2267390054893212,0.7465219890213576,0.6919121389310962,0.9069560219572848,1.016175722137808
1.8,0.1868310397965093,0.1868310397965093,0.2263379204069814,0.2263379204069814,0.7473241591860372,0.6935334568471297,0.9053516816279255,1.01293308630574
1.81,0.1870285741995617,0.1870285741995617,0.2259428516008766,0.2259428516008766,0.7481142967982467,0.6951304549944228,0.9037714064035065,1.009739090011154
1.82,0.1872231455865682,0.1872231455865682,0.2255537088268635,0.2255537088268635,0.748892582346273,0.6967034981695065,0.9022148353074539,1.006593003660987
1.83,0.1874147984027697,0.1874147984027697,0.2251704031944605,0.2251704031944605,0.7496591936110789,0.6982529456969639,0.9006816127778421,1.003494108606072
1.84,0.1876035764267282,0.1876035764267282,0.2247928471465436,0.2247928471465436,0.7504143057069127,0.6997791515115095,0.8991713885861745,1.000441696976981
1.85,0.1877895227803273,0.1877895227803273,0.2244209544393455,0.2244209544393455,0.751158091121309,0.7012824642388369,0.8976838177573818,0.9974350715223261
1.86,0.1879726799386224,0.1879726799386224,0.2240546401227553,0.2240546401227553,0.7518907197544894,0.7027632272752543,0.8962185604910211,0.9944735454494913
1.87,0.188153089739543,0.188153089739543,0.223693820520914,0.223693820520914,0.752612358958172,0.7042217788661255,0.8947752820836559,0.991556442267749
1.88,0.1883307933934499,0.1883307933934499,0.2233384132131003,0.2233384132131003,0.7533231735737994,0.7056584521831336,0.8933536528524011,0.9886830956337327
1.89,0.1885058314925481,0.1885058314925481,0.2229883370149038,0.2229883370149038,0.7540233259701924,0.7070735754003866,0.8919533480596151,0.9858528491992267
1.9,0.1886782440201599,0.1886782440201599,0.2226435119596802,0.2226435119596802,0.7547129760806395,0.7084674717693809,0.890574047838721,0.9830650564612382
1.91,0.1888480703598575,0.1888480703598575,0.222303859280285,0.222303859280285,0.7553922814394299,0.7098404596928402,0.88921543712114,0.9803190806143196
1.92,0.1890153493044596,0.1890153493044596,0.2219693013910807,0.2219693013910807,0.7560613972178385,0.7111928527974476,0.8878772055643229,0.9776142944051047
1.93,0.1891801190648927,0.1891801190648927,0.2216397618702145,0.2216397618702145,0.756720476259571,0.7125249600054859,0.886559047480858,0.9749500799890281
1.94,0.1893424172789193,0.1893424172789193,0.2213151654421613,0.2213151654421613,0.7573696691156774,0.7138370856054036,0.8852606617686452,0.9723258287891927
1.95,0.1895022810197355,0.1895022810197355,0.2209954379605289,0.2209954379605289,0.7580091240789422,0.7151295293213226,0.8839817518421156,0.9697409413573548
1.96,0.1896597468044395,0.1896597468044395,0.220680506391121,0.220680506391121,0.758638987217758,0.7164025863815028,0.8827220255644839,0.9671948272369943
1.97,0.1898148506023729,0.1898148506023729,0.2203702987952542,0.2203702987952542,0.7592594024094916,0.7176565475857802,0.8814811951810166,0.9646869048284394
1.98,0.1899676278433373,0.1899676278433373,0.2200647443133253,0.2200647443133253,0.7598705113733493,0.7188916993719935,0.8802589772533014,0.9622166012560129
1.99,0.1901181134256873,0.1901181134256873,0.2197637731486254,0.2197637731486254,0.7604724537027491,0.7201083238814135,0.8790550925945018,0.9597833522371728
2,0.190266341724302,0.190266341724302,0.2194673165513961,0.2194673165513961,0.7610653668972078,0.7213066990231923,0.8778692662055843,0.9573866019536152
2.01,0.1904123465984374,0.1904123465984374,0.2191753068031251,0.2191753068031251,0.7616493863937497,0.7224870985378444,0.8767012272125005,0.9550258029243111
2.02,0.1905561613994609,0.1905561613994609,0.2188876772010783,0.2188876772010783,0.7622246455978434,0.7236497920597768,0.8755507088043131,0.9527004158804464
2.03,0.1906978189784689,0.1906978189784689,0.2186043620430621,0.2186043620430621,0.7627912759138757,0.72479504517888,0.8744174481722484,0.9504099096422398
2.04,0.1908373516937919,0.1908373516937919,0.2183252966124162,0.2183252966124162,0.7633494067751676,0.7259231195011968,0.8733011864496647,0.9481537609976063
2.05,0.190974791418385,0.190974791418385,0.2180504171632299,0.2180504171632299,0.7638991656735401,0.7270342727086788,0.8722016686529197,0.9459314545826423
2.06,0.1911101695471092,0.1911101695471092,0.2177796609057815,0.2177796609057815,0.764440678188437,0.7281287586180486,0.871118643623126,0.9437424827639027
2.07,0.1912435170039026,0.1912435170039026,0.2175129659921948,0.2175129659921948,0.7649740680156104,0.7292068272387778,0.8700518639687791,0.9415863455224442
2.08,0.1913748642488441,0.1913748642488441,0.2172502715023119,0.2172502715023119,0.7654994569953762,0.7302687248301961,0.8690010860092474,0.9394625503396077
2.09,0.1915042412851114,0.1915042412851114,0.2169915174297772,0.2169915174297772,0.7660169651404456,0.7313146939577432,0.8679660697191087,0.9373706120845136
2.1,0.1916316776658347,0.1916316776658347,0.2167366446683305,0.2167366446683305,0.7665267106633389,0.732344973548377,0.8669465786733221,0.9353100529032459
2.11,0.1917572025008472,0.1917572025008472,0.2164855949983056,0.2164855949983056,0.7670288100033889,0.7333597989451514,0.8659423799932222,0.9332804021096972
2.12,0.1918808444633345,0.1918808444633345,0.216238311073331,0.216238311073331,0.767523377853338,0.734359401960974,0.8649532442933239,0.9312811960780518
2.13,0.1920026317963845,0.1920026317963845,0.215994736407231,0.215994736407231,0.768010527185538,0.7353440109315594,0.863978945628924,0.929311978136881
2.14,0.1921225923194387,0.1921225923194387,0.2157548153611225,0.2157548153611225,0.7684903692777549,0.736313850767586,0.86301926144449,0.9273722984648278
2.15,0.1922407534346472,0.1922407534346472,0.2155184931307056,0.2155184931307056,0.7689630137385887,0.7372691430060723,0.8620739725228226,0.9254617139878554
2.16,0.1923571421331275,0.1923571421331275,0.2152857157337451,0.2152857157337451,0.7694285685325098,0.7382101058609812,0.8611428629349802,0.9235797882780374
2.17,0.1924717850011305,0.1924717850011305,0.2150564299977389,0.2150564299977389,0.7698871400045222,0.7391369542730665,0.8602257199909555,0.921726091453867
2.18,0.1925847082261136,0.1925847082261136,0.2148305835477728,0.2148305835477728,0.7703388329044544,0.7400498999589705,0.8593223341910912,0.9199002000820589
2.19,0.1926959376027219,0.1926959376027219,0.2146081247945562,0.2146081247945562,0.7707837504108875,0.740949151459586,0.8584324991782248,0.918101697080828
2.2,0.1928054985386811,0.1928054985386811,0.2143890029226379,0.2143890029226379,0.7712219941547243,0.7418349141876922,0.8575560116905514,0.9163301716246155
2.21,0.1929134160606008,0.1929134160606008,0.2141731678787983,0.2141731678787983,0.7716536642424033,0.7427073904748768,0.8566926715151932,0.9145852190502464
2.22,0.1930197148196918,0.1930197148196918,0.2139605703606163,0.2139605703606163,0.7720788592787673,0.7435667796177536,0.8558422814424653,0.9128664407644926
2.23,0.1931244190973964,0.1931244190973964,0.2137511618052071,0.2137511618052071,0.7724976763895858,0.7444132779234873,0.8550046472208284,0.9111734441530253
2.24,0.1932275528109355,0.1932275528109355,0.213544894378129,0.213544894378129,0.772910211243742,0.745247078754635,0.8541795775125158,0.9095058424907299
2.25,0.1933291395187715,0.1933291395187715,0.213341720962457,0.213341720962457,0.7733165580750859,0.7460683725733155,0.8533668838498281,0.9078632548533689
2.26,0.1934292024259899,0.1934292024259899,0.2131415951480202,0.2131415951480202,0.7737168097039596,0.7468773469847158,0.8525663805920807,0.9062453060305684
2.27,0.1935277643896001,0.1935277643896001,0.2129444712207998,0.2129444712207998,0.7741110575584003,0.747674186779945,0.8517778848831994,0.9046516264401099
2.28,0.1936248479237561,0.1936248479237561,0.2127503041524879,0.2127503041524879,0.7744993916950242,0.7484590739782458,0.8510012166099514,0.9030818520435082
2.29,0.1937204752048997,0.1937204752048997,0.2125590495902006,0.2125590495902006,0.7748819008195988,0.7492321878685722,0.8502361983608022,0.9015356242628556
2.3,0.1938146680768262,0.1938146680768262,0.2123706638463476,0.2123706638463476,0.7752586723073048,0.7499937050505435,0.8494826553853903,0.9000125898989129
2.31,0.1939074480556738,0.1939074480556738,0.2121851038886524,0.2121851038886524,0.7756297922226952,0.7507437994747854,0.8487404155546094,0.8985124010504291
2.32,0.1939988363348387,0.1939988363348387,0.2120023273303226,0.2120023273303226,0.7759953453393548,0.7514826424826636,0.8480093093212904,0.8970347150346727
2.33,0.1940888537898161,0.1940888537898161,0.2118222924203678,0.2118222924203678,0.7763554151592644,0.7522104028454236,0.8472891696814711,0.8955791943091527
2.34,0.1941775209829689,0.1941775209829689,0.2116449580340622,0.2116449580340622,0.7767100839318755,0.7529272468027423,0.846579832136249,0.8941455063945154
2.35,0.1942648581682243,0.1942648581682243,0.2114702836635513,0.2114702836635513,0.7770594326728973,0.7536333381007011,0.8458811346542052,0.8927333237985977
2.36,0.194350885295701,0.194350885295701,0.211298229408598,0.211298229408598,0.7774035411828039,0.7543288380291906,0.8451929176343922,0.8913423239416187
2.37,0.1944356220162655,0.1944356220162655,0.2111287559674691,0.2111287559674691,0.7777424880650619,0.7550139054587527,0.8445150238698762,0.8899721890824945
2.38,0.1945190876860215,0.1945190876860215,0.210961824627957,0.210961824627957,0.7780763507440859,0.7556886968768713,0.8438472985118282,0.8886226062462572
2.39,0.1946013013707311,0.1946013013707311,0.2107973972585377,0.2107973972585377,0.7784052054829246,0.7563533664237183,0.8431895890341508,0.8872932671525633
2.4,0.1946822818501702,0.1946822818501702,0.2106354362996596,0.2106354362996596,0.7787291274006807,0.7570080659273626,0.8425417451986386,0.8859838681452747
2.41,0.1947620476224176,0.1947620476224176,0.2104759047551648,0.2104759047551648,0.7790481904896704,0.7576529449384521,0.841903619020659,0.8846941101230956
2.42,0.1948406169080814,0.1948406169080814,0.2103187661838373,0.2103187661838373,0.7793624676323254,0.7582881507643754,0.8412750647353491,0.8834236984712491
2.43,0.1949180076544601,0.1949180076544601,0.2101639846910797,0.2101639846910797,0.7796720306178405,0.7589138285029098,0.8406559387643189,0.8821723429941803
2.44,0.1949942375396432,0.1949942375396432,0.2100115249207135,0.2100115249207135,0.7799769501585729,0.7595301210753661,0.840046099682854,0.8809397578492677
2.45,0.1950693239765486,0.1950693239765486,0.2098613520469028,0.2098613520469028,0.7802772959061943,0.7601371692592356,0.8394454081876113,0.8797256614815288
2.46,0.1951432841169004,0.1951432841169004,0.2097134317661993,0.2097134317661993,0.7805731364676014,0.760735111720347,0.8388537270647971,0.8785297765593059
2.47,0.1952161348551469,0.1952161348551469,0.2095677302897063,0.2095677302897063,0.7808645394205874,0.7613240850445419,0.8382709211588251,0.8773518299109162
2.48,0.1952878928323196,0.1952878928323196,0.2094242143353607,0.2094242143353607,0.7811515713292786,0.7619042237688737,0.8376968573414427,0.8761915524622526
2.49,0.1953585744398348,0.1953585744398348,0.2092828511203303,0.2092828511203303,0.7814342977593394,0.7624756604123406,0.8371314044813212,0.8750486791753187
2.5,0.1954281958232373,0.1954281958232373,0.2091436083535254,0.2091436083535254,0.7817127832929492,0.7630385255061555,0.8365744334141014,0.873922948987689
2.51,0.1954967728858888,0.1954967728858888,0.2090064542282224,0.2090064542282224,0.7819870915435551,0.7635929476235631,0.8360258169128898,0.8728141047528737
2.52,0.1955643212926004,0.1955643212926004,0.2088713574147991,0.2088713574147991,0.7822572851704017,0.7641390534092096,0.8354854296591965,0.8717218931815807
2.53,0.1956308564732114,0.1956308564732114,0.2087382870535771,0.2087382870535771,0.7825234258928457,0.7646769676080715,0.8349531482143084,0.870646064783857
2.54,0.1956963936261133,0.1956963936261133,0.2086072127477734,0.2086072127477734,0.7827855745044531,0.7652068130939504,0.8344288509910938,0.869586373812099
2.55,0.1957609477217216,0.1957609477217216,0.2084781045565569,0.2084781045565569,0.7830437908868862,0.7657287108975412,0.8339124182262274,0.8685425782049174
2.56,0.1958245335058957,0.1958245335058957,0.2083509329882085,0.2083509329882085,0.7832981340235829,0.7662427802340781,0.833403731952834,0.8675144395318437
2.57,0.1958871655033073,0.1958871655033073,0.2082256689933853,0.2082256689933853,0.7835486620132293,0.7667491385305669,0.8329026759735414,0.8665017229388661
2.58,0.1959488580207577,0.1959488580207577,0.2081022839584846,0.2081022839584846,0.7837954320830308,0.7672479014526085,0.8324091358339383,0.865504197094783
2.59,0.1960096251504463,0.1960096251504463,0.2079807496991073,0.2079807496991073,0.7840385006017854,0.7677391829308193,0.8319229987964292,0.8645216341383613
2.6,0.1960694807731896,0.1960694807731896,0.2078610384536207,0.2078610384536207,0.7842779230927586,0.7682230951868571,0.8314441538144828,0.8635538096262858
2.61,0.1961284385615918,0.1961284385615918,0.2077431228768164,0.2077431228768164,0.7845137542463672,0.7686997487590542,0.8309724915072656,0.8626005024818915
2.62,0.1961865119831679,0.1961865119831679,0.2076269760336641,0.2076269760336641,0.7847460479326717,0.7691692525276684,0.8305079041346566,0.861661494944663
2.63,0.1962437143034204,0.1962437143034204,0.2075125713931592,0.2075125713931592,0.7849748572136815,0.7696317137397534,0.8300502855726368,0.8607365725204932
2.64,0.1963000585888691,0.1963000585888691,0.2073998828222618,0.2073998828222618,0.7852002343554764,0.7700872380336571,0.8295995312890472,0.8598255239326857
2.65,0.196355557710036,0.196355557710036,0.2072888845799279,0.2072888845799279,0.7854222308401442,0.7705359294631522,0.8291555383197116,0.8589281410736955
2.66,0.1964102243443855,0.1964102243443855,0.2071795513112289,0.2071795513112289,0.7856408973775421,0.7709778905212049,0.8287182052449158,0.8580442189575901
2.67,0.1964640709792197,0.1964640709792197,0.2070718580415605,0.2070718580415605,0.7858562839168789,0.7714132221633868,0.8282874321662421,0.8571735556732263
2.68,0.1965171099145314,0.1965171099145314,0.2069657801709371,0.2069657801709371,0.7860684396581257,0.771842023830936,0.8278631206837486,0.8563159523381279
2.69,0.1965693532658135,0.1965693532658135,0.2068612934683731,0.2068612934683731,0.7862774130632538,0.772264393473472,0.8274451738734923,0.855471213053056
2.7,0.1966208129668263,0.1966208129668263,0.2067583740663475,0.2067583740663475,0.7864832518673051,0.7726804275713699,0.8270334962653898,0.8546391448572601
2.71,0.1966715007723239,0.1966715007723239,0.2066569984553522,0.2066569984553522,0.7866860030892955,0.7730902211577994,0.8266279938214089,0.8538195576844012
2.72,0.196721428260739,0.196721428260739,0.2065571434785219,0.2065571434785219,0.7868857130429561,0.7734938678404324,0.8262285739140878,0.8530122643191351
2.73,0.1967706068368279,0.1967706068368279,0.2064587863263441,0.2064587863263441,0.7870824273473117,0.7738914598228259,0.8258351453053765,0.8522170803543481
2.74,0.1968190477342755,0.1968190477342755,0.206361904531449,0.206361904531449,0.787276190937102,0.7742830879254835,0.8254476181257959,0.8514338241490329
2.75,0.1968667620182614,0.1968667620182614,0.2062664759634772,0.2062664759634772,0.7874670480730455,0.7746688416066012,0.825065903853909,0.8506623167867975
2.76,0.1969137605879875,0.1969137605879875,0.2061724788240251,0.2061724788240251,0.7876550423519498,0.7750488089825022,0.8246899152961003,0.8499023820349956
2.77,0.1969600541791676,0.1969600541791676,0.2060798916416647,0.2060798916416647,0.7878402167166706,0.7754230768477647,0.8243195665666587,0.8491538463044705
2.78,0.1970056533664801,0.1970056533664801,0.2059886932670397,0.2059886932670397,0.7880226134659205,0.7757917306950483,0.8239547730681589,0.8484165386099034
2.79,0.1970505685659829,0.1970505685659829,0.2058988628680341,0.2058988628680341,0.7882022742639317,0.7761548547346225,0.8235954514721364,0.8476902905307548
2.8,0.1970948100374932,0.1970948100374932,0.2058103799250136,0.2058103799250136,0.7883792401499727,0.7765125319136031,0.8232415197000544,0.8469749361727936
2.81,0.1971383878869308,0.1971383878869308,0.2057232242261384,0.2057232242261384,0.7885535515477231,0.7768648439348991,0.8228928969045537,0.8462703121302018
2.82,0.1971813120686268,0.1971813120686268,0.2056373758627463,0.2056373758627463,0.7887252482745073,0.7772118712758755,0.8225495034509853,0.8455762574482488
2.83,0.1972235923875974,0.1972235923875974,0.2055528152248051,0.2055528152248051,0.7888943695503897,0.7775536932067374,0.8222112608992205,0.8448926135865251
2.84,0.1972652385017835,0.1972652385017835,0.2054695229964331,0.2054695229964331,0.7890609540071338,0.7778903878086363,0.8218780919857323,0.8442192243827273
2.85,0.1973062599242567,0.1973062599242567,0.2053874801514866,0.2053874801514866,0.7892250396970268,0.7782220319915067,0.8215499206059462,0.8435559360169864
2.86,0.1973466660253929,0.1973466660253929,0.2053066679492143,0.2053066679492143,0.7893866641015714,0.7785487015116341,0.821226671796857,0.8429025969767316
2.87,0.197386466035012,0.197386466035012,0.205227067929976,0.205227067929976,0.7895458641400479,0.7788704709889597,0.8209082717199041,0.8422590580220806
2.88,0.1974256690444868,0.1974256690444868,0.2051486619110264,0.2051486619110264,0.7897026761779472,0.7791874139241253,0.8205946476441055,0.8416251721517494
2.89,0.1974642840088195,0.1974642840088195,0.205071431982361,0.205071431982361,0.789857136035278,0.7794996027152634,0.820285727929444,0.8410007945694731
2.9,0.1975023197486872,0.1975023197486872,0.2049953605026256,0.2049953605026256,0.7900092789947488,0.7798071086745345,0.8199814420105023,0.8403857826509309
2.91,0.1975397849524569,0.1975397849524569,0.2049204300950862,0.2049204300950862,0.7901591398098275,0.7801100020444165,0.8196817203803448,0.8397799959111669
2.92,0.19757668817817,0.19757668817817,0.2048466236436599,0.2048466236436599,0.7903067527126801,0.7804083520137503,0.8193864945746396,0.8391832959724994
2.93,0.1976130378554975,0.1976130378554975,0.204773924289005,0.204773924289005,0.79045215142199,0.7807022267335439,0.8190956971560199,0.838595546532912
2.94,0.197648842287665,0.197648842287665,0.2047023154246699,0.2047023154246699,0.7905953691506601,0.7809916933325408,0.8188092616986797,0.8380166133349183
2.95,0.19768410965335,0.19768410965335,0.2046317806932999,0.2046317806932999,0.7907364386134001,0.7812768179325527,0.8185271227731996,0.8374463641348946
2.96,0.1977188480085498,0.1977188480085498,0.2045623039829004,0.2045623039829004,0.7908753920341991,0.7815576656635643,0.8182492159316017,0.8368846686728713
2.97,0.1977530652884215,0.1977530652884215,0.2044938694231569,0.2044938694231569,0.7910122611536861,0.7818343006786108,0.8179754776926278,0.8363313986427783
2.98,0.1977867693090952,0.1977867693090952,0.2044264613818096,0.2044264613818096,0.7911470772363808,0.7821067861684317,0.8177058455272384,0.8357864276631366
2.99,0.1978199677694588,0.1978199677694588,0.2043600644610825,0.2043600644610825,0.791279871077835,0.7823751843759051,0.8174402578443298,0.8352496312481896
3,0.1978526682529169,0.1978526682529169,0.2042946634941662,0.2042946634941662,0.7914106730116676,0.7826395566102665,0.8171786539766648,0.8347208867794669
3.01,0.1978848782291232,0.1978848782291232,0.2042302435417537,0.2042302435417537,0.7915395129164926,0.7828999632611126,0.8169209741670147,0.8342000734777748
3.02,0.1979166050556863,0.1979166050556863,0.2041667898886274,0.2041667898886274,0.7916664202227452,0.7831564638121958,0.8166671595545094,0.8336870723756082
3.03,0.197947855979851,0.197947855979851,0.204104288040298,0.204104288040298,0.791791423919404,0.7834091168550129,0.8164171521611918,0.8331817662899741
3.04,0.1979786381401532,0.1979786381401532,0.2040427237196935,0.2040427237196935,0.7919145525606129,0.7836579801021877,0.816170894878774,0.8326840397956246
3.05,0.1980089585680509,0.1980089585680509,0.2039820828638981,0.2039820828638981,0.7920358342722037,0.7839031104006549,0.8159283314555925,0.8321937791986902
3.06,0.1980388241895302,0.1980388241895302,0.2039223516209396,0.2039223516209396,0.7921552967581207,0.784144563744645,0.8156894064837585,0.8317108725107099
3.07,0.1980682418266872,0.1980682418266872,0.2038635163466255,0.2038635163466255,0.7922729673067489,0.7843823952884753,0.8154540653865021,0.8312352094230493
3.08,0.1980972181992869,0.1980972181992869,0.2038055636014262,0.2038055636014262,0.7923888727971476,0.7846166593591481,0.8152222544057046,0.8307666812817036
3.09,0.1981257599262976,0.1981257599262976,0.2037484801474048,0.2037484801474048,0.7925030397051904,0.784847409468761,0.8149939205896191,0.830305181062478
3.1,0.1981538735274031,0.1981538735274031,0.2036922529451937,0.2036922529451937,0.7926154941096125,0.7850746983267296,0.8147690117807749,0.8298506033465407
3.11,0.1981815654244921,0.1981815654244921,0.2036368691510158,0.2036368691510158,0.7927262616979683,0.7852985778518287,0.8145474766040632,0.8294028442963426
3.12,0.1982088419431247,0.1982088419431247,0.2035823161137505,0.2035823161137505,0.7928353677724989,0.7855190991840513,0.8143292644550022,0.8289618016318974
3.13,0.1982357093139779,0.1982357093139779,0.2035285813720443,0.2035285813720443,0.7929428372559114,0.7857363126962905,0.8141143254881771,0.8285273746074189
3.14,0.1982621736742682,0.1982621736742682,0.2034756526514636,0.2034756526514636,0.7930486946970727,0.7859502680058461,0.8139026106058544,0.8280994639883077
3.15,0.1982882410691542,0.1982882410691542,0.2034235178616917,0.2034235178616917,0.7931529642766166,0.7861610139857584,0.8136940714467666,0.827677972028483
3.16,0.1983139174531169,0.1983139174531169,0.2033721650937663,0.2033721650937663,0.7932556698124674,0.7863685987759721,0.8134886603750651,0.8272628024480557
3.17,0.1983392086913201,0.1983392086913201,0.2033215826173598,0.2033215826173598,0.7933568347652804,0.7865730697943325,0.8132863304694391,0.8268538604113349
3.18,0.1983641205609503,0.1983641205609503,0.2032717588780994,0.2032717588780994,0.7934564822438012,0.7867744737474175,0.8130870355123976,0.8264510525051649
3.19,0.198388658752536,0.198388658752536,0.2032226824949279,0.2032226824949279,0.7935546350101441,0.7869728566412062,0.8128907299797117,0.8260542867175875
3.2,0.198412828871248,0.198412828871248,0.203174342257504,0.203174342257504,0.7936513154849919,0.7871682637915881,0.8126973690300161,0.8256634724168237
3.21,0.1984366364381792,0.1984366364381792,0.2031267271236415,0.2031267271236415,0.793746545752717,0.7873607398347143,0.812506908494566,0.8252785203305713
3.22,0.1984600868916065,0.1984600868916065,0.2030798262167869,0.2030798262167869,0.7938403475664262,0.7875503287371937,0.8123193048671475,0.8248993425256126
3.23,0.1984831855882324,0.1984831855882324,0.2030336288235351,0.2030336288235351,0.7939327423529298,0.7877370738061358,0.8121345152941404,0.8245258523877284
3.24,0.1985059378044089,0.1985059378044089,0.2029881243911821,0.2029881243911821,0.7940237512176358,0.7879210176990438,0.8119524975647283,0.8241579646019124
3.25,0.1985283487373428,0.1985283487373428,0.2029433025253143,0.2029433025253143,0.7941133949493713,0.7881022024335581,0.8117732101012574,0.8237955951328837
3.26,0.1985504235062827,0.1985504235062827,0.2028991529874346,0.2028991529874346,0.7942016940251307,0.7882806693970548,0.8115966119497384,0.8234386612058904
3.27,0.1985721671536884,0.1985721671536884,0.2028556656926231,0.2028556656926231,0.7942886686147538,0.788456459356099,0.8114226627704924,0.8230870812878019
3.28,0.1985935846463831,0.1985935846463831,0.2028128307072337,0.2028128307072337,0.7943743385855325,0.7886296124657575,0.8112513228289349,0.822740775068485
3.29,0.1986146808766874,0.1986146808766874,0.2027706382466252,0.2027706382466252,0.7944587235067495,0.7888001682787711,0.8110825529865009,0.8223996634424577
3.3,0.1986354606635371,0.1986354606635371,0.2027290786729258,0.2027290786729258,0.7945418426541483,0.7889681657545895,0.8109163146917033,0.8220636684908209
3.31,0.198655928753584,0.198655928753584,0.202688142492832,0.202688142492832,0.794623715014336,0.7891336432682706,0.8107525699713278,0.8217327134634587
3.32,0.1986760898222802,0.1986760898222802,0.2026478203554395,0.2026478203554395,0.794704359289121,0.7892966386192466,0.810591281421758,0.8214067227615067
3.33,0.198695948474946,0.198695948474946,0.2026081030501079,0.2026081030501079,0.7947837938997842,0.7894571890399579,0.8104324122004316,0.8210856219200842
3.34,0.1987155092478219,0.1987155092478219,0.2025689815043563,0.2025689815043563,0.7948620369912874,0.7896153312043585,0.810275926017425,0.820769337591283
3.35,0.1987347766091045,0.1987347766091045,0.2025304467817909,0.2025304467817909,0.7949391064364181,0.7897711012362931,0.8101217871271638,0.8204577975274137
3.36,0.1987537549599679,0.1987537549599679,0.2024924900800641,0.2024924900800641,0.7950150198398718,0.7899245347177487,0.8099699603202564,0.8201509305645025
3.37,0.1987724486355684,0.1987724486355684,0.2024551027288631,0.2024551027288631,0.7950897945422737,0.7900756666969825,0.8098204109154525,0.8198486666060349
3.38,0.1987908619060349,0.1987908619060349,0.2024182761879302,0.2024182761879302,0.7951634476241396,0.7902245316965277,0.8096731047517207,0.8195509366069444
3.39,0.1988089989774444,0.1988089989774444,0.2023820020451113,0.2023820020451113,0.7952359959097774,0.7903711637210799,0.809528008180445,0.8192576725578402
3.4,0.1988268639927827,0.1988268639927827,0.2023462720144346,0.2023462720144346,0.7953074559711308,0.7905155962652637,0.8093850880577382,0.8189688074694725
3.41,0.198844461032891,0.198844461032891,0.202311077934218,0.202311077934218,0.7953778441315639,0.7906578623212848,0.8092443117368722,0.8186842753574304
3.42,0.1988617941173976,0.1988617941173976,0.2022764117652048,0.2022764117652048,0.7954471764695904,0.7907979943864655,0.8091056470608191,0.818404011227069
3.43,0.1988788672056366,0.1988788672056366,0.2022422655887267,0.2022422655887267,0.7955154688225465,0.7909360244706685,0.8089690623549068,0.818127951058663
3.44,0.1988956841975521,0.1988956841975521,0.2022086316048958,0.2022086316048958,0.7955827367902083,0.7910719841036085,0.8088345264195833,0.817856031792783
3.45,0.1989122489345888,0.1989122489345888,0.2021755021308224,0.2021755021308224,0.7956489957383551,0.7912059043420543,0.8087020085232897,0.8175881913158913
3.46,0.19892856520057,0.19892856520057,0.2021428695988601,0.2021428695988601,0.7957142608022798,0.7913378157769235,0.8085714783954403,0.8173243684461529
3.47,0.1989446367225614,0.1989446367225614,0.2021107265548772,0.2021107265548772,0.7957785468902456,0.7914677485402697,0.8084429062195087,0.8170645029194605
3.48,0.198960467171723,0.198960467171723,0.202079065656554,0.202079065656554,0.795841868686892,0.7915957323121656,0.8083162626262159,0.8168085353756687
3.49,0.1989760601641472,0.1989760601641472,0.2020478796717057,0.2020478796717057,0.7959042406565886,0.7917217963274832,0.8081915186868227,0.8165564073450335
3.5,0.198991419261685,0.198991419261685,0.2020171614766301,0.2020171614766301,0.7959656770467398,0.7918459693825709,0.8080686459065203,0.8163080612348581
3.51,0.1990065479727597,0.1990065479727597,0.2019869040544806,0.2019869040544806,0.7960261918910387,0.7919682798418324,0.8079476162179224,0.8160634403163352
3.52,0.1990214497531683,0.1990214497531683,0.2019571004936634,0.2019571004936634,0.7960857990126732,0.7920887556442049,0.8078284019746536,0.8158224887115901
3.53,0.1990361280068708,0.1990361280068708,0.2019277439862585,0.2019277439862585,0.796144512027483,0.7922074243095418,0.8077109759450338,0.8155851513809163
3.54,0.1990505860867677,0.1990505860867677,0.2018988278264646,0.2018988278264646,0.7962023443470708,0.7923243129448987,0.8075953113058583,0.8153513741102025
3.55,0.1990648272954662,0.1990648272954662,0.2018703454090676,0.2018703454090676,0.7962593091818647,0.7924394482507252,0.8074813816362705,0.8151211034985495
3.56,0.1990788548860342,0.1990788548860342,0.2018422902279316,0.2018422902279316,0.7963154195441368,0.7925528565269643,0.8073691609117264,0.8148942869460714
3.57,0.1990926720627437,0.1990926720627437,0.2018146558745126,0.2018146558745126,0.7963706882509747,0.7926645636790598,0.8072586234980506,0.8146708726418803
3.58,0.1991062819818025,0.1991062819818025,0.2017874360363949,0.2017874360363949,0.7964251279272101,0.7927745952238739,0.8071497441455797,0.814450809552252
3.59,0.1991196877520755,0.1991196877520755,0.201760624495849,0.201760624495849,0.7964787510083019,0.7928829762955159,0.8070424979833961,0.8142340474089682
3.6,0.1991328924357944,0.1991328924357944,0.2017342151284113,0.2017342151284113,0.7965315697431774,0.7929897316510831,0.8069368605136451,0.8140205366978337
3.61,0.1991458990492574,0.1991458990492574,0.2017082019014851,0.2017082019014851,0.7965835961970298,0.7930948856763168,0.8068328076059403,0.8138102286473663
3.62,0.1991587105635186,0.1991587105635186,0.2016825788729628,0.2016825788729628,0.7966348422540743,0.7931984623911721,0.8067303154918513,0.8136030752176557
3.63,0.1991713299050658,0.1991713299050658,0.2016573401898684,0.2016573401898684,0.7966853196202632,0.7933004854553045,0.8066293607594734,0.8133990290893909
3.64,0.1991837599564898,0.1991837599564898,0.2016324800870203,0.2016324800870203,0.7967350398259593,0.793400978173475,0.8065299203480814,0.8131980436530499
3.65,0.1991960035571425,0.1991960035571425,0.201607992885715,0.201607992885715,0.7967840142285699,0.7934999635008728,0.8064319715428601,0.8130000729982543
3.66,0.1992080635037853,0.1992080635037853,0.2015838729924293,0.2015838729924293,0.7968322540151414,0.7935974640483597,0.8063354919697172,0.8128050719032804
3.67,0.1992199425512285,0.1992199425512285,0.2015601148975429,0.2015601148975429,0.7968797702049142,0.7936935020876343,0.8062404595901715,0.8126129958247312
3.68,0.1992316434129601,0.1992316434129601,0.2015367131740797,0.2015367131740797,0.7969265736518405,0.7937880995563198,0.8061468526963189,0.8124238008873603
3.69,0.1992431687617657,0.1992431687617657,0.2015136624764685,0.2015136624764685,0.7969726750470629,0.793881278062975,0.8060546499058741,0.8122374438740498
3.7,0.1992545212303392,0.1992545212303392,0.2014909575393215,0.2014909575393215,0.797018084921357,0.7939730588920304,0.805963830157286,0.8120538822159391
3.71,0.1992657034118842,0.1992657034118842,0.2014685931762317,0.2014685931762317,0.7970628136475366,0.7940634630086499,0.8058743727049267,0.8118730739827
3.72,0.1992767178607059,0.1992767178607059,0.2014465642785882,0.2014465642785882,0.7971068714428236,0.7941525110635201,0.8057862571143528,0.8116949778729596
3.73,0.1992875670927953,0.1992875670927953,0.2014248658144094,0.2014248658144094,0.7971502683711812,0.7942402233975674,0.8056994632576375,0.8115195532048651
3.74,0.1992982535864034,0.1992982535864034,0.2014034928271932,0.2014034928271932,0.7971930143456135,0.7943266200466039,0.8056139713087729,0.8113467599067921
3.75,0.1993087797826073,0.1993087797826073,0.2013824404347853,0.2013824404347853,0.7972351191304293,0.7944117207459048,0.8055297617391413,0.8111765585081903
3.76,0.1993191480858682,0.1993191480858682,0.2013617038282635,0.2013617038282635,0.7972765923434729,0.7944955449347163,0.8054468153130541,0.8110089101305673
3.77,0.1993293608645802,0.1993293608645802,0.2013412782708396,0.2013412782708396,0.7973174434583208,0.7945781117606956,0.8053651130833583,0.8108437764786087
3.78,0.1993394204516115,0.1993394204516115,0.201321159096777,0.201321159096777,0.797357681806446,0.7946594400842851,0.805284636387108,0.8106811198314297
3.79,0.1993493291448373,0.1993493291448373,0.2013013417103253,0.2013013417103253,0.7973973165793493,0.7947395484830209,0.8052053668413013,0.8105209030339582
3.8,0.1993590892076648,0.1993590892076648,0.2012818215846705,0.2012818215846705,0.7974363568306591,0.7948184552557755,0.8051272863386818,0.8103630894884488
3.81,0.1993687028695498,0.1993687028695498,0.2012625942609004,0.2012625942609004,0.7974748114781992,0.7948961784269389,0.8050503770436015,0.810207643146122
3.82,0.1993781723265066,0.1993781723265066,0.2012436553469868,0.2012436553469868,0.7975126893060263,0.7949727357505348,0.8049746213879474,0.8100545284989302
3.83,0.199387499741609,0.199387499741609,0.201225000516782,0.201225000516782,0.7975499989664359,0.7950481447142769,0.8049000020671282,0.8099037105714462
3.84,0.1993966872454848,0.1993966872454848,0.2012066255090303,0.2012066255090303,0.7975867489819393,0.7951224225435627,0.8048265020361214,0.8097551549128745
3.85,0.1994057369368026,0.1994057369368026,0.2011885261263949,0.2011885261263949,0.7976229477472102,0.7951955862054092,0.8047541045055795,0.8096088275891815
3.86,0.1994146508827505,0.1994146508827505,0.201170698234499,0.201170698234499,0.797658603531002,0.7952676524123281,0.8046827929379958,0.8094646951753437
3.87,0.1994234311195092,0.1994234311195092,0.2011531377609815,0.2011531377609815,0.797693724478037,0.7953386376261432,0.8046125510439259,0.8093227247477135
3.88,0.1994320796527166,0.1994320796527166,0.2011358406945667,0.2011358406945667,0.7977283186108665,0.795408558061751,0.804543362778267,0.8091828838764978
3.89,0.1994405984579259,0.1994405984579259,0.2011188030841483,0.2011188030841483,0.7977623938317034,0.7954774296908248,0.804475212336593,0.8090451406183503
3.9,0.199448989481057,0.199448989481057,0.201102021037886,0.201102021037886,0.7977959579242279,0.7955452682454625,0.8044080841515442,0.808909463509075
3.91,0.1994572546388411,0.1994572546388411,0.2010854907223177,0.2010854907223177,0.7978290185553645,0.7956120892217805,0.804341962889271,0.8087758215564389
3.92,0.1994653958192585,0.1994653958192585,0.201069208361483,0.201069208361483,0.797861583277034,0.7956779078834538,0.8042768334459318,0.8086441842330923
3.93,0.1994734148819696,0.1994734148819696,0.2010531702360607,0.2010531702360607,0.7978936595278785,0.795742739265202,0.8042126809442429,0.8085145214695959
3.94,0.1994813136587401,0.1994813136587401,0.2010373726825198,0.2010373726825198,0.7979252546349603,0.795806598176224,0.8041494907300792,0.8083868036475519
3.95,0.199489093953859,0.199489093953859,0.201021812092282,0.201021812092282,0.7979563758154359,0.7958694992035806,0.8040872483691281,0.8082610015928386
3.96,0.1994967575445511,0.1994967575445511,0.2010064849108978,0.2010064849108978,0.7979870301782044,0.7959314567155269,0.8040259396435911,0.8081370865689461
3.97,0.1995043061813828,0.1995043061813828,0.2009913876372343,0.2009913876372343,0.7980172247255313,0.795992484864794,0.8039655505489374,0.8080150302704119
3.98,0.1995117415886621,0.1995117415886621,0.2009765168226758,0.2009765168226758,0.7980469663546483,0.7960525975918221,0.8039060672907032,0.8078948048163557
3.99,0.1995190654648321,0.1995190654648321,0.2009618690703357,0.2009618690703357,0.7980762618593286,0.7961118086279448,0.8038474762813428,0.8077763827441102
4,0.1995262794828597,0.1995262794828597,0.2009474410342806,0.2009474410342806,0.7981051179314387,0.7961701314985257,0.8037897641371226,0.8076597370029486
4.01,0.1995333852906168,0.1995333852906168,0.2009332294187664,0.2009332294187664,0.7981335411624672,0.7962275795260478,0.8037329176750656,0.8075448409479042
4.02,0.1995403845112575,0.1995403845112575,0.2009192309774849,0.2009192309774849,0.7981615380450301,0.7962841658331571,0.8036769239099397,0.8074316683336857
4.03,0.1995472787435887,0.1995472787435887,0.2009054425128227,0.2009054425128227,0.7981891149743546,0.7963399033456597,0.8036217700512907,0.8073201933086804
4.04,0.1995540695624348,0.1995540695624348,0.2008918608751303,0.2008918608751303,0.7982162782497393,0.7963948047954749,0.8035674435005213,0.8072103904090502
4.05,0.1995607585189983,0.1995607585189983,0.2008784829620034,0.2008784829620034,0.7982430340759932,0.7964488827235428,0.8035139318480136,0.8071022345529144
4.06,0.1995673471412133,0.1995673471412133,0.2008653057175733,0.2008653057175733,0.7982693885648533,0.7965021494826896,0.8034612228702933,0.8069957010346207
4.07,0.1995738369340951,0.1995738369340951,0.2008523261318098,0.2008523261318098,0.7982953477363804,0.7965546172404493,0.803409304527239,0.8068907655191013
4.08,0.1995802293800837,0.1995802293800837,0.2008395412398326,0.2008395412398326,0.7983209175203347,0.7966062979818426,0.8033581649593304,0.8067874040363148
4.09,0.1995865259393824,0.1995865259393824,0.2008269481212351,0.2008269481212351,0.7983461037575297,0.7966572035121149,0.8033077924849406,0.8066855929757701
4.1,0.1995927280502917,0.1995927280502917,0.2008145438994166,0.2008145438994166,0.7983709122011667,0.7967073454594331,0.8032581755976664,0.8065853090811337
4.11,0.1995988371295373,0.1995988371295373,0.2008023257409254,0.2008023257409254,0.7983953485181492,0.7967567352775417,0.8032093029637015,0.8064865294449166
4.12,0.1996048545725942,0.1996048545725942,0.2007902908548115,0.2007902908548115,0.798419418290377,0.7968053842483785,0.8031611634192459,0.8063892315032428
4.13,0.1996107817540053,0.1996107817540053,0.2007784364919893,0.2007784364919893,0.7984431270160214,0.7968533034846529,0.8031137459679571,0.8062933930306941
4.14,0.1996166200276953,0.1996166200276953,0.2007667599446095,0.2007667599446095,0.798466480110781,0.7969005039323831,0.8030670397784379,0.8061989921352337
4.15,0.1996223707272798,0.1996223707272798,0.2007552585454403,0.2007552585454403,0.7984894829091194,0.7969469963733974,0.8030210341817612,0.8061060072532051
4.16,0.1996280351663706,0.1996280351663706,0.2007439296672587,0.2007439296672587,0.7985121406654826,0.7969927914277964,0.8029757186690347,0.806014417144407
4.17,0.1996336146388751,0.1996336146388751,0.2007327707222498,0.2007327707222498,0.7985344585555003,0.7970378995563795,0.8029310828889993,0.8059242008872409
4.18,0.1996391104192919,0.1996391104192919,0.2007217791614161,0.2007217791614161,0.7985564416771678,0.7970823310630338,0.8028871166456644,0.8058353378739322
4.19,0.1996445237630026,0.1996445237630026,0.2007109524739948,0.2007109524739948,0.7985780950520103,0.7971260960970883,0.8028438098959794,0.8057478078058233
4.2,0.1996498559065575,0.1996498559065575,0.2007002881868849,0.2007002881868849,0.7985994236262302,0.797169204655632,0.8028011527475396,0.8056615906887359
4.21,0.1996551080679592,0.1996551080679592,0.2006897838640817,0.2006897838640817,0.7986204322718367,0.7972116665857976,0.8027591354563266,0.8055766668284048
4.22,0.1996602814469398,0.1996602814469398,0.2006794371061204,0.2006794371061204,0.7986411257877591,0.7972534915870106,0.8027177484244816,0.8054930168259786
4.23,0.1996653772252357,0.1996653772252357,0.2006692455495286,0.2006692455495286,0.7986615089009428,0.7972946892132055,0.8026769821981143,0.805410621573589
4.24,0.1996703965668572,0.1996703965668572,0.2006592068662856,0.2006592068662856,0.7986815862674287,0.7973352688750074,0.8026368274651425,0.8053294622499851
4.25,0.1996753406183543,0.1996753406183543,0.2006493187632913,0.2006493187632913,0.7987013624734173,0.7973752398418823,0.8025972750531654,0.8052495203162353
4.26,0.199680210509079,0.199680210509079,0.200639578981842,0.200639578981842,0.798720842036316,0.7974146112442541,0.8025583159273679,0.8051707775114918
4.27,0.1996850073514428,0.1996850073514428,0.2006299852971143,0.2006299852971143,0.7987400294057713,0.7974533920755903,0.8025199411884574,0.8050932158488193
4.28,0.1996897322411712,0.1996897322411712,0.2006205355176576,0.2006205355176576,0.7987589289646847,0.7974915911944565,0.8024821420706305,0.805016817611087
4.29,0.1996943862575536,0.1996943862575536,0.2006112274848927,0.2006112274848927,0.7987775450302145,0.7975292173265396,0.802444909939571,0.8049415653469207
4.3,0.1996989704636903,0.1996989704636903,0.2006020590726194,0.2006020590726194,0.7987958818547612,0.7975662790666415,0.8024082362904774,0.804867441866717
4.31,0.199703485906735,0.199703485906735,0.2005930281865301,0.2005930281865301,0.7988139436269398,0.7976027848806418,0.8023721127461203,0.8047944302387162
4.32,0.1997079336181339,0.1997079336181339,0.2005841327637321,0.2005841327637321,0.7988317344725357,0.7976387431074322,0.8023365310549284,0.8047225137851355
4.33,0.1997123146138619,0.1997123146138619,0.2005753707722761,0.2005753707722761,0.7988492584554477,0.7976741619608207,0.8023014830891044,0.8046516760783584
4.34,0.199716629894654,0.199716629894654,0.200566740210692,0.200566740210692,0.798866519578616,0.7977090495314084,0.8022669608427679,0.8045819009371831
4.350000000000001,0.1997208804462342,0.1997208804462342,0.2005582391075316,0.2005582391075316,0.7988835217849367,0.7977434137884373,0.8022329564301265,0.8045131724231254
4.36,0.1997250672395407,0.1997250672395407,0.2005498655209186,0.2005498655209186,0.7989002689581627,0.7977772625816107,0.8021994620836745,0.8044454748367784
4.37,0.1997291912309476,0.1997291912309476,0.2005416175381048,0.2005416175381048,0.7989167649237903,0.7978106036428866,0.8021664701524194,0.8043787927142267
4.38,0.1997332533624833,0.1997332533624833,0.2005334932750333,0.2005334932750333,0.7989330134499334,0.7978434445882433,0.8021339731001331,0.8043131108235133
4.39,0.1997372545620461,0.1997372545620461,0.2005254908759078,0.2005254908759078,0.7989490182481844,0.7978757929194197,0.8021019635036311,0.8042484141611606
4.4,0.1997411957436154,0.1997411957436154,0.2005176085127692,0.2005176085127692,0.7989647829744616,0.7979076560256284,0.8020704340510767,0.8041846879487431
4.41,0.1997450778074612,0.1997450778074612,0.2005098443850776,0.2005098443850776,0.7989803112298447,0.7979390411852439,0.8020393775403105,0.804121917629512
4.42,0.1997489016403493,0.1997489016403493,0.2005021967193015,0.2005021967193015,0.798995606561397,0.7979699555674653,0.8020087868772059,0.8040600888650693
4.43,0.199752668115744,0.199752668115744,0.2004946637685119,0.2004946637685119,0.7990106724629761,0.7980004062339533,0.8019786550740478,0.8039991875320933
4.44,0.1997563780940079,0.1997563780940079,0.2004872438119842,0.2004872438119842,0.7990255123760315,0.798030400140444,0.801948975247937,0.8039391997191119
4.45,0.1997600324225977,0.1997600324225977,0.2004799351548045,0.2004799351548045,0.799040129690391,0.7980599441383374,0.801919740619218,0.8038801117233252
4.46,0.1997636319362588,0.1997636319362588,0.2004727361274825,0.2004727361274825,0.799054527745035,0.7980890449762623,0.8018909445099298,0.8038219100474753
4.47,0.1997671774572149,0.1997671774572149,0.2004656450855702,0.2004656450855702,0.7990687098288595,0.7981177093016184,0.801862580342281,0.8037645813967631
4.48,0.1997706697953567,0.1997706697953567,0.2004586604092867,0.2004586604092867,0.7990826791814266,0.7981459436620941,0.8018346416371467,0.8037081126758117
4.49,0.1997741097484263,0.1997741097484263,0.2004517805031474,0.2004517805031474,0.7990964389937052,0.7981737545071628,0.8018071220125895,0.8036524909856744
4.5,0.1997774981021999,0.1997774981021999,0.2004450037956002,0.2004450037956002,0.7991099924087997,0.7982011481895553,0.8017800151824006,0.8035977036208892
4.51,0.1997808356306669,0.1997808356306669,0.2004383287386661,0.2004383287386661,0.7991233425226677,0.798228130966712,0.8017533149546645,0.803543738066576
4.52,0.1997841230962069,0.1997841230962069,0.2004317538075862,0.2004317538075862,0.7991364923848276,0.7982547090022113,0.8017270152303446,0.8034905819955773
4.53,0.1997873612497638,0.1997873612497638,0.2004252775004723,0.2004252775004723,0.7991494449990553,0.7982808883671781,0.8017011100018894,0.8034382232656436
4.54,0.1997905508310173,0.1997905508310173,0.2004188983379653,0.2004188983379653,0.7991622033240694,0.7983066750416705,0.8016755933518611,0.8033866499166589
4.55,0.1997936925685521,0.1997936925685521,0.2004126148628958,0.2004126148628958,0.7991747702742084,0.7983320749160454,0.8016504594515832,0.8033358501679091
4.56,0.1997967871800238,0.1997967871800238,0.2004064256399524,0.2004064256399524,0.7991871487200952,0.7983570937923047,0.8016257025598095,0.8032858124153905
4.57,0.1997998353723235,0.1997998353723235,0.2004003292553531,0.2004003292553531,0.7991993414892938,0.7983817373854201,0.8016013170214122,0.8032365252291598
4.58,0.1998028378417386,0.1998028378417386,0.2003943243165228,0.2003943243165228,0.7992113513669544,0.7984060113246387,0.8015772972660911,0.8031879773507224
4.59,0.1998057952741125,0.1998057952741125,0.2003884094517749,0.2003884094517749,0.7992231810964501,0.7984299211547692,0.8015536378070998,0.8031401576904615
4.600000000000001,0.1998087083450008,0.1998087083450008,0.2003825833099983,0.2003825833099983,0.7992348333800033,0.7984534723374477,0.8015303332399932,0.8030930553251046
4.61,0.1998115777198258,0.1998115777198258,0.2003768445603483,0.2003768445603483,0.7992463108793033,0.798476670252386,0.8015073782413933,0.8030466594952279
4.62,0.1998144040540284,0.1998144040540284,0.2003711918919431,0.2003711918919431,0.7992576162161138,0.7984995201986003,0.8014847675677723,0.8030009596027994
4.63,0.199817187993218,0.199817187993218,0.2003656240135639,0.2003656240135639,0.7992687519728721,0.7985220273956213,0.8014624960542558,0.8029559452087573
4.64,0.1998199301733198,0.1998199301733198,0.2003601396533605,0.2003601396533605,0.799279720693279,0.7985441969846869,0.8014405586134419,0.8029116060306261
4.65,0.19982263122072,0.19982263122072,0.20035473755856,0.20035473755856,0.7992905248828799,0.7985660340299167,0.8014189502342401,0.8028679319401666
4.66,0.1998252917524092,0.1998252917524092,0.2003494164951816,0.2003494164951816,0.7993011670096367,0.7985875435194679,0.8013976659807265,0.8028249129610641
4.67,0.199827912376123,0.199827912376123,0.2003441752477539,0.2003441752477539,0.7993116495044922,0.7986087303666759,0.8013767009910155,0.8027825392666481
4.68,0.1998304936904812,0.1998304936904812,0.2003390126190376,0.2003390126190376,0.7993219747619248,0.7986295994111757,0.8013560504761503,0.8027408011776485
4.69,0.199833036285124,0.199833036285124,0.200333927429752,0.200333927429752,0.7993321451404959,0.7986501554200081,0.8013357097190081,0.8026996891599838
4.7,0.1998355407408471,0.1998355407408471,0.2003289185183058,0.2003289185183058,0.7993421629633884,0.798670403088708,0.801315674073223,0.802659193822584
4.71,0.1998380076297344,0.1998380076297344,0.2003239847405311,0.2003239847405311,0.7993520305189377,0.7986903470423773,0.8012959389621246,0.8026193059152453
4.72,0.1998404375152884,0.1998404375152884,0.2003191249694232,0.2003191249694232,0.7993617500611536,0.7987099918367416,0.8012764998776927,0.8025800163265167
4.73,0.1998428309525591,0.1998428309525591,0.2003143380948818,0.2003143380948818,0.7993713238102363,0.7987293419591905,0.8012573523795272,0.8025413160816188
4.74,0.1998451884882707,0.1998451884882707,0.2003096230234586,0.2003096230234586,0.7993807539530828,0.7987484018298027,0.8012384920938342,0.8025031963403946
4.75,0.1998475106609466,0.1998475106609466,0.2003049786781067,0.2003049786781067,0.7993900426437865,0.7987671758023557,0.8012199147124268,0.8024656483952886
4.76,0.1998497980010324,0.1998497980010324,0.2003004039979351,0.2003004039979351,0.7993991920041298,0.7987856681653204,0.8012016159917403,0.8024286636693592
4.77,0.199852051031017,0.199852051031017,0.200295897937966,0.200295897937966,0.7994082041240679,0.7988038831428406,0.8011835917518642,0.8023922337143188
4.78,0.1998542702655517,0.1998542702655517,0.2002914594688965,0.2002914594688965,0.7994170810622069,0.798821824895698,0.8011658378755862,0.802356350208604
4.79,0.1998564562115684,0.1998564562115684,0.2002870875768631,0.2002870875768631,0.7994258248462738,0.7988394975222625,0.8011483503074524,0.802321004955475
4.8,0.1998586093683949,0.1998586093683949,0.2002827812632101,0.2002827812632101,0.7994344374735797,0.7988569050594285,0.8011311250528406,0.8022861898811429
4.81,0.199860730227869,0.199860730227869,0.200278539544262,0.200278539544262,0.799442920911476,0.7988740514835371,0.801114158177048,0.8022518970329258
4.82,0.199862819274451,0.199862819274451,0.2002743614510981,0.2002743614510981,0.7994512770978038,0.798890940711284,0.8010974458043922,0.802218118577432
4.83,0.1998648769853342,0.1998648769853342,0.2002702460293316,0.2002702460293316,0.7994595079413368,0.7989075766006147,0.8010809841173263,0.8021848467987704
4.84,0.1998669038305542,0.1998669038305542,0.2002661923388916,0.2002661923388916,0.7994676153222168,0.7989239629516055,0.8010647693555664,0.8021520740967889
4.850000000000001,0.1998689002730959,0.1998689002730959,0.2002621994538082,0.2002621994538082,0.7994756010923835,0.7989401035073315,0.801048797815233,0.802119792985337
4.86,0.1998708667689994,0.1998708667689994,0.2002582664620011,0.2002582664620011,0.7994834670759977,0.7989560019547215,0.8010330658480045,0.8020879960905569
4.87,0.1998728037674644,0.1998728037674644,0.2002543924650711,0.2002543924650711,0.7994912150698578,0.7989716619254007,0.8010175698602844,0.8020566761491985
4.88,0.1998747117109525,0.1998747117109525,0.200250576578095,0.200250576578095,0.7994988468438099,0.7989870869965197,0.8010023063123801,0.8020258260069606
4.89,0.1998765910352882,0.1998765910352882,0.2002468179294236,0.2002468179294236,0.7995063641411527,0.7990022806915719,0.8009872717176945,0.8019954386168562
4.9,0.1998784421697589,0.1998784421697589,0.2002431156604823,0.2002431156604823,0.7995137686790355,0.7990172464811983,0.800972462641929,0.8019655070376033
4.91,0.1998802655372125,0.1998802655372125,0.200239468925575,0.200239468925575,0.7995210621488499,0.7990319877839803,0.8009578757023001,0.8019360244320393
4.92,0.1998820615541543,0.1998820615541543,0.2002358768916914,0.2002358768916914,0.7995282462166171,0.7990465079672207,0.8009435075667657,0.8019069840655586
4.93,0.199883830630842,0.199883830630842,0.200232338738316,0.200232338738316,0.7995353225233679,0.7990608103477124,0.8009293549532641,0.8018783793045752
4.94,0.1998855731713793,0.1998855731713793,0.2002288536572413,0.2002288536572413,0.7995422926855174,0.7990748981924967,0.8009154146289652,0.8018502036150066
4.95,0.1998872895738086,0.1998872895738086,0.2002254208523827,0.2002254208523827,0.7995491582952345,0.7990887747196093,0.8009016834095308,0.8018224505607814
4.96,0.1998889802302015,0.1998889802302015,0.2002220395395969,0.2002220395395969,0.7995559209208061,0.7991024430988152,0.8008881581583878,0.8017951138023696
4.97,0.1998906455267485,0.1998906455267485,0.200218708946503,0.200218708946503,0.7995625821069939,0.799115906452333,0.800874835786012,0.8017681870953339
4.98,0.1998922858438472,0.1998922858438472,0.2002154283123055,0.2002154283123055,0.799569143375389,0.799129167855548,0.800861713249222,0.8017416642889039
4.99,0.1998939015561895,0.1998939015561895,0.2002121968876209,0.2002121968876209,0.7995756062247581,0.7991422303377148,0.8008487875504837,0.8017155393245703
5,0.1998954930328467,0.1998954930328467,0.2002090139343066,0.2002090139343066,0.7995819721313867,0.7991550968826491,0.8008360557372265,0.8016898062347018
5.01,0.199897060637354,0.199897060637354,0.200205878725292,0.200205878725292,0.799588242549416,0.7991677704294093,0.800823514901168,0.8016644591411812
5.02,0.1998986047277937,0.1998986047277937,0.2002027905444126,0.2002027905444126,0.7995944189111748,0.7991802538729682,0.8008111621776504,0.8016394922540635
5.03,0.1999001256568768,0.1999001256568768,0.2001997486862464,0.2001997486862464,0.7996005026275071,0.7991925500648737,0.8007989947449856,0.8016148998702526
5.04,0.1999016237720236,0.1999016237720236,0.2001967524559527,0.2001967524559527,0.7996064950880946,0.7992046618139006,0.8007870098238108,0.8015906763721987
5.05,0.1999030994154433,0.1999030994154433,0.2001938011691134,0.2001938011691134,0.7996123976617732,0.7992165918866921,0.8007752046764536,0.8015668162266156
5.06,0.1999045529242116,0.1999045529242116,0.2001908941515767,0.2001908941515767,0.7996182116968465,0.7992283430083917,0.8007635766063068,0.8015433139832164
5.07,0.1999059846303484,0.1999059846303484,0.2001880307393031,0.2001880307393031,0.7996239385213938,0.7992399178632659,0.8007521229572123,0.8015201642734682
5.08,0.1999073948608932,0.1999073948608932,0.2001852102782135,0.2001852102782135,0.7996295794435729,0.7992513190953169,0.800740841112854,0.8014973618093661
5.09,0.1999087839379798,0.1999087839379798,0.2001824321240403,0.2001824321240403,0.7996351357519194,0.7992625493088872,0.8007297284961612,0.8014749013822255
5.100000000000001,0.1999101521789101,0.1999101521789101,0.2001796956421797,0.2001796956421797,0.7996406087156406,0.7992736110692539,0.8007187825687188,0.8014527778614922
5.11,0.1999114998962265,0.1999114998962265,0.200177000207547,0.200177000207547,0.799645999584906,0.7992845069032151,0.8007080008301879,0.8014309861935698
5.12,0.1999128273977831,0.1999128273977831,0.2001743452044338,0.2001743452044338,0.7996513095911324,0.7992952392996668,0.8006973808177351,0.8014095214006662
5.13,0.1999141349868163,0.1999141349868163,0.2001717300263673,0.2001717300263673,0.7996565399472654,0.7993058107101718,0.8006869201054692,0.8013883785796563
5.14,0.1999154229620141,0.1999154229620141,0.2001691540759718,0.2001691540759718,0.7996616918480564,0.7993162235495193,0.8006766163038872,0.8013675529009614
5.15,0.1999166916175839,0.1999166916175839,0.2001666167648322,0.2001666167648322,0.7996667664703355,0.7993264801962765,0.8006664670593289,0.8013470396074469
5.16,0.1999179412433201,0.1999179412433201,0.2001641175133597,0.2001641175133597,0.7996717649732805,0.7993365829933323,0.8006564700534389,0.8013268340133353
5.17,0.1999191721246703,0.1999191721246703,0.2001616557506593,0.2001616557506593,0.7996766884986813,0.7993465342484324,0.8006466230026372,0.8013069315031351
5.18,0.1999203845428003,0.1999203845428003,0.2001592309143994,0.2001592309143994,0.7996815381712011,0.7993563362347059,0.8006369236575976,0.8012873275305881
5.19,0.1999215787746583,0.1999215787746583,0.2001568424506834,0.2001568424506834,0.7996863150986331,0.7993659911911853,0.8006273698027337,0.8012680176176292
5.2,0.1999227550930384,0.1999227550930384,0.2001544898139232,0.2001544898139232,0.7996910203721536,0.7993755013233176,0.8006179592556928,0.8012489973533647
5.21,0.1999239137666428,0.1999239137666428,0.2001521724667144,0.2001521724667144,0.7996956550665713,0.7993848688034678,0.8006086898668574,0.8012302623930643
5.22,0.1999250550601432,0.1999250550601432,0.2001498898797137,0.2001498898797137,0.7997002202405726,0.7993940957714158,0.8005995595188546,0.8012118084571682
5.23,0.199926179234241,0.199926179234241,0.2001476415315179,0.2001476415315179,0.7997047169369641,0.7994031843348446,0.8005905661260717,0.8011936313303107
5.24,0.1999272865457274,0.1999272865457274,0.2001454269085451,0.2001454269085451,0.7997091461829097,0.7994121365698219,0.8005817076341806,0.8011757268603561
5.25,0.1999283772475415,0.1999283772475415,0.200143245504917,0.200143245504917,0.799713508990166,0.7994209545212746,0.8005729820196679,0.8011580909574507
5.26,0.1999294515888284,0.1999294515888284,0.2001410968223432,0.2001410968223432,0.7997178063553135,0.7994296402034555,0.8005643872893728,0.8011407195930889
5.27,0.199930509814996,0.199930509814996,0.200138980370008,0.200138980370008,0.7997220392599839,0.7994381956004037,0.8005559214800322,0.8011236087991924
5.28,0.199931552167771,0.199931552167771,0.2001368956644579,0.2001368956644579,0.7997262086710841,0.7994466226663977,0.8005475826578317,0.8011067546672046
5.29,0.1999325788852545,0.1999325788852545,0.2001348422294911,0.2001348422294911,0.7997303155410178,0.7994549233264017,0.8005393689179643,0.8010901533471966
5.3,0.1999335902019756,0.1999335902019756,0.2001328195960487,0.2001328195960487,0.7997343608079025,0.7994630994765056,0.8005312783841949,0.8010738010469887
5.31,0.199934586348946,0.199934586348946,0.200130827302108,0.200130827302108,0.7997383453957839,0.799471152984358,0.8005233092084321,0.8010576940312839
5.32,0.1999355675537118,0.1999355675537118,0.2001288648925764,0.2001288648925764,0.7997422702148471,0.7994790856895926,0.8005154595703057,0.8010418286208147
5.33,0.1999365340404061,0.1999365340404061,0.2001269319191878,0.2001269319191878,0.7997461361616244,0.7994868994042487,0.8005077276767512,0.8010262011915026
5.34,0.1999374860298,0.1999374860298,0.2001250279404,0.2001250279404,0.7997499441192,0.7994945959131849,0.8005001117616,0.80101080817363
5.350000000000001,0.199938423739353,0.199938423739353,0.200123152521294,0.200123152521294,0.799753694957412,0.7995021769744872,0.8004926100851759,0.8009956460510255
5.36,0.1999393473832627,0.1999393473832627,0.2001213052334745,0.2001213052334745,0.7997573895330509,0.7995096443198699,0.8004852209338982,0.8009807113602601
5.37,0.1999402571725138,0.1999402571725138,0.2001194856549725,0.2001194856549725,0.7997610286900551,0.7995169996550718,0.8004779426198898,0.8009660006898562
5.38,0.1999411533149261,0.1999411533149261,0.2001176933701478,0.2001176933701478,0.7997646132597043,0.7995242446602457,0.8004707734805914,0.8009515106795084
5.39,0.1999420360152022,0.1999420360152022,0.2001159279695956,0.2001159279695956,0.7997681440608088,0.799531380990342,0.8004637118783824,0.8009372380193158
5.4,0.1999429054749741,0.1999429054749741,0.2001141890500517,0.2001141890500517,0.7997716218998966,0.7995384102754869,0.8004567562002067,0.8009231794490261
5.41,0.1999437618928495,0.1999437618928495,0.2001124762143009,0.2001124762143009,0.7997750475713982,0.7995453341213545,0.8004499048572036,0.8009093317572908
5.42,0.1999446054644568,0.1999446054644568,0.2001107890710864,0.2001107890710864,0.7997784218578272,0.7995521541095342,0.8004431562843455,0.8008956917809316
5.43,0.19994543638249,0.19994543638249,0.2001091272350201,0.2001091272350201,0.7997817455299598,0.7995588717978912,0.8004365089400802,0.8008822564042175
5.44,0.1999462548367526,0.1999462548367526,0.2001074903264948,0.2001074903264948,0.7997850193470104,0.7995654887209228,0.8004299613059791,0.8008690225581543
5.45,0.1999470610142013,0.1999470610142013,0.2001058779715973,0.2001058779715973,0.7997882440568053,0.7995720063901089,0.8004235118863894,0.800855987219782
5.46,0.1999478550989883,0.1999478550989883,0.2001042898020234,0.2001042898020234,0.7997914203959532,0.7995784262942573,0.8004171592080935,0.8008431474114852
5.47,0.1999486372725035,0.1999486372725035,0.200102725454993,0.200102725454993,0.7997945490900139,0.7995847498998435,0.8004109018199721,0.8008305002003129
5.48,0.1999494077134159,0.1999494077134159,0.2001011845731681,0.2001011845731681,0.7997976308536637,0.7995909786513459,0.8004047382926724,0.8008180426973082
5.49,0.1999501665977147,0.1999501665977147,0.2000996668045706,0.2000996668045706,0.7998006663908588,0.7995971139715757,0.8003986672182823,0.8008057720568484
5.5,0.199950914098749,0.199950914098749,0.200098171802502,0.200098171802502,0.799803656394996,0.7996031572620022,0.800392687210008,0.8007936854759956
5.51,0.1999516503872678,0.1999516503872678,0.2000966992254645,0.2000966992254645,0.799806601549071,0.7996091099030721,0.8003867969018579,0.8007817801938557
5.52,0.1999523756314587,0.1999523756314587,0.2000952487370825,0.2000952487370825,0.7998095025258349,0.799614973254526,0.80038099494833,0.8007700534909479
5.53,0.1999530899969869,0.1999530899969869,0.2000938200060263,0.2000938200060263,0.7998123599879474,0.7996207486557081,0.8003752800241051,0.8007585026885837
5.54,0.1999537936470321,0.1999537936470321,0.2000924127059359,0.2000924127059359,0.7998151745881282,0.7996264374258725,0.8003696508237435,0.800747125148255
5.55,0.1999544867423266,0.1999544867423266,0.2000910265153468,0.2000910265153468,0.7998179469693063,0.7996320408644844,0.8003641060613873,0.8007359182710312
5.56,0.1999551694411917,0.1999551694411917,0.2000896611176166,0.2000896611176166,0.7998206777647667,0.7996375602515171,0.8003586444704665,0.8007248794969657
5.57,0.1999558418995738,0.1999558418995738,0.2000883162008524,0.2000883162008524,0.7998233675982952,0.7996429968477443,0.8003532648034095,0.8007140063045113
5.58,0.1999565042710802,0.1999565042710802,0.2000869914578396,0.2000869914578396,0.7998260170843208,0.7996483518950281,0.8003479658313584,0.8007032962099436
5.59,0.199957156707014,0.199957156707014,0.200085686585972,0.200085686585972,0.799828626828056,0.7996536266166028,0.8003427463438879,0.8006927467667944
5.600000000000001,0.1999577993564088,0.1999577993564088,0.2000844012871824,0.2000844012871824,0.7998311974256351,0.7996588222173537,0.8003376051487296,0.8006823555652924
5.61,0.1999584323660626,0.1999584323660626,0.2000831352678747,0.2000831352678747,0.7998337294642506,0.7996639398840935,0.8003325410714988,0.800672120231813
5.62,0.1999590558805717,0.1999590558805717,0.2000818882388566,0.2000818882388566,0.7998362235222868,0.799668980785832,0.8003275529554263,0.8006620384283358
5.63,0.1999596700423631,0.1999596700423631,0.2000806599152737,0.2000806599152737,0.7998386801694525,0.7996739460740445,0.800322639661095,0.8006521078519109
5.64,0.1999602749917277,0.1999602749917277,0.2000794500165446,0.2000794500165446,0.7998410999669107,0.7996788368829338,0.8003178000661786,0.8006423262341322
5.65,0.1999608708668517,0.1999608708668517,0.2000782582662965,0.2000782582662965,0.799843483467407,0.7996836543296898,0.800313033065186,0.8006326913406203
5.66,0.199961457803849,0.199961457803849,0.200077084392302,0.200077084392302,0.7998458312153959,0.7996883995147445,0.8003083375692082,0.800623200970511
5.67,0.1999620359367912,0.1999620359367912,0.2000759281264175,0.2000759281264175,0.799848143747165,0.7996930735220233,0.80030371250567,0.8006138529559532
5.68,0.1999626053977394,0.1999626053977394,0.2000747892045213,0.2000747892045213,0.7998504215909574,0.799697677419193,0.8002991568180851,0.800604645161614
5.69,0.1999631663167733,0.1999631663167733,0.2000736673664534,0.2000736673664534,0.7998526652670931,0.7997022122579051,0.8002946694658137,0.8005955754841898
5.7,0.1999637188220217,0.1999637188220217,0.2000725623559566,0.2000725623559566,0.7998548752880867,0.7997066790740365,0.8002902494238264,0.800586641851927
5.71,0.1999642630396914,0.1999642630396914,0.2000714739206172,0.2000714739206172,0.7998570521587655,0.7997110788879259,0.800285895682469,0.8005778422241481
5.72,0.199964799094096,0.199964799094096,0.200070401811808,0.200070401811808,0.799859196376384,0.799715412704607,0.8002816072472319,0.8005691745907859
5.73,0.1999653271076846,0.1999653271076846,0.2000693457846309,0.2000693457846309,0.7998613084307382,0.7997196815140379,0.8002773831385235,0.800560636971924
5.74,0.1999658472010693,0.1999658472010693,0.2000683055978614,0.2000683055978614,0.7998633888042771,0.7997238862913274,0.8002732223914457,0.8005522274173451
5.75,0.1999663594930532,0.1999663594930532,0.2000672810138935,0.2000672810138935,0.799865437972213,0.7997280279969575,0.8002691240555739,0.8005439440060849
5.76,0.1999668641006574,0.1999668641006574,0.2000662717986851,0.2000662717986851,0.7998674564026298,0.7997321075770032,0.8002650871947403,0.8005357848459935
5.77,0.1999673611391476,0.1999673611391476,0.2000652777217048,0.2000652777217048,0.7998694445565904,0.7997361259633482,0.8002611108868192,0.8005277480733035
5.78,0.1999678507220604,0.1999678507220604,0.2000642985558792,0.2000642985558792,0.7998714028882415,0.799740084073898,0.8002571942235168,0.800519831852204
5.79,0.1999683329612295,0.1999683329612295,0.200063334077541,0.200063334077541,0.7998733318449179,0.7997439828127895,0.800253336310164,0.800512034374421
5.8,0.199968807966811,0.199968807966811,0.2000623840663779,0.2000623840663779,0.7998752318672442,0.7997478230705977,0.8002495362655115,0.8005043538588046
5.81,0.1999692758473089,0.1999692758473089,0.2000614483053822,0.2000614483053822,0.7998771033892356,0.7997516057245387,0.8002457932215288,0.8004967885509224
5.82,0.1999697367095992,0.1999697367095992,0.2000605265808015,0.2000605265808015,0.799878946838397,0.7997553316386706,0.8002421063232059,0.8004893367226587
5.83,0.1999701906589553,0.1999701906589553,0.2000596186820894,0.2000596186820894,0.7998807626358211,0.7997590016640905,0.8002384747283577,0.8004819966718189
5.84,0.199970637799071,0.199970637799071,0.2000587244018581,0.2000587244018581,0.7998825511962838,0.7997626166391292,0.8002348976074323,0.8004747667217416
5.850000000000001,0.1999710782320849,0.1999710782320849,0.2000578435358302,0.2000578435358302,0.7998843129283396,0.7997661773895423,0.8002313741433207,0.8004676452209154
5.86,0.1999715120586036,0.1999715120586036,0.2000569758827927,0.2000569758827927,0.7998860482344146,0.7997696847286991,0.8002279035311708,0.8004606305426016
5.87,0.1999719393777246,0.1999719393777246,0.2000561212445508,0.2000561212445508,0.7998877575108984,0.7997731394577686,0.8002244849782032,0.8004537210844627
5.88,0.1999723602870587,0.1999723602870587,0.2000552794258825,0.2000552794258825,0.7998894411482349,0.7997765423659021,0.8002211177035301,0.8004469152681957
5.89,0.1999727748827528,0.1999727748827528,0.2000544502344943,0.2000544502344943,0.7998910995310113,0.7997798942304136,0.8002178009379772,0.8004402115391727
5.9,0.1999731832595115,0.1999731832595115,0.2000536334809769,0.2000536334809769,0.7998927330380462,0.7997831958169574,0.8002145339239075,0.800433608366085
5.91,0.1999735855106189,0.1999735855106189,0.2000528289787622,0.2000528289787622,0.7998943420424756,0.7997864478797031,0.8002113159150488,0.8004271042405937
5.92,0.1999739817279596,0.1999739817279596,0.2000520365440808,0.2000520365440808,0.7998959269118384,0.7997896511615076,0.8002081461763231,0.8004206976769848
5.93,0.1999743720020402,0.1999743720020402,0.2000512559959196,0.2000512559959196,0.7998974880081609,0.799792806394085,0.8002050239836782,0.8004143872118299
5.94,0.1999747564220096,0.1999747564220096,0.2000504871559808,0.2000504871559808,0.7998990256880384,0.7997959142981738,0.8002019486239231,0.8004081714036524
5.95,0.1999751350756795,0.1999751350756795,0.2000497298486411,0.2000497298486411,0.7999005403027178,0.7997989755837012,0.8001989193945642,0.8004020488325976
5.96,0.1999755080495443,0.1999755080495443,0.2000489839009114,0.2000489839009114,0.7999020321981771,0.7998019909499456,0.8001959356036457,0.8003960181001086
5.97,0.1999758754288011,0.1999758754288011,0.2000482491423977,0.2000482491423977,0.7999035017152045,0.7998049610856964,0.8001929965695909,0.800390077828607
5.98,0.1999762372973691,0.1999762372973691,0.2000475254052618,0.2000475254052618,0.7999049491894764,0.7998078866694109,0.8001901016210471,0.800384226661178
5.99,0.1999765937379086,0.1999765937379086,0.2000468125241828,0.2000468125241828,0.7999063749516343,0.7998107683693698,0.8001872500967313,0.8003784632612603
6,0.1999769448318399,0.1999769448318399,0.2000461103363201,0.2000461103363201,0.7999077793273598,0.7998136068438293,0.8001844413452803,0.8003727863123413
6.01,0.1999772906593623,0.1999772906593623,0.2000454186812753,0.2000454186812753,0.7999091626374494,0.7998164027411718,0.8001816747251012,0.8003671945176563
6.02,0.1999776312994719,0.1999776312994719,0.2000447374010562,0.2000447374010562,0.7999105251978876,0.7998191567000542,0.8001789496042246,0.8003616865998915
6.03,0.1999779668299798,0.1999779668299798,0.2000440663400403,0.2000440663400403,0.7999118673199194,0.7998218693495533,0.8001762653601612,0.8003562613008932
6.04,0.1999782973275301,0.1999782973275301,0.2000434053449397,0.2000434053449397,0.7999131893101206,0.79982454130931,0.8001736213797588,0.8003509173813799
6.05,0.1999786228676172,0.1999786228676172,0.2000427542647656,0.2000427542647656,0.7999144914704688,0.7998271731896703,0.8001710170590624,0.8003456536206592
6.06,0.1999789435246029,0.1999789435246029,0.2000421129507941,0.2000421129507941,0.7999157740984117,0.7998297655918253,0.8001684518031764,0.8003404688163493
6.07,0.1999792593717339,0.1999792593717339,0.2000414812565322,0.2000414812565322,0.7999170374869355,0.7998323191079479,0.8001659250261288,0.800335361784104
6.08,0.1999795704811579,0.1999795704811579,0.2000408590376842,0.2000408590376842,0.7999182819246315,0.7998348343213287,0.8001634361507368,0.8003303313573424
6.09,0.1999798769239405,0.1999798769239405,0.200040246152119,0.200040246152119,0.799919507695762,0.7998373118065089,0.8001609846084758,0.8003253763869822
6.100000000000001,0.1999801787700814,0.1999801787700814,0.2000396424598372,0.2000396424598372,0.7999207150803256,0.7998397521294113,0.8001585698393487,0.8003204957411774
6.11,0.1999804760885302,0.1999804760885302,0.2000390478229396,0.2000390478229396,0.7999219043541207,0.7998421558474701,0.8001561912917585,0.8003156883050597
6.12,0.1999807689472022,0.1999807689472022,0.2000384621055956,0.2000384621055956,0.7999230757888088,0.799844523509758,0.8001538484223822,0.8003109529804839
6.13,0.1999810574129942,0.1999810574129942,0.2000378851740116,0.2000378851740116,0.7999242296519767,0.7998468556571117,0.8001515406960464,0.8003062886857766
6.140000000000001,0.1999813415517993,0.1999813415517993,0.2000373168964014,0.2000373168964014,0.7999253662071971,0.799849152822255,0.8001492675856057,0.8003016943554899
6.15,0.1999816214285223,0.1999816214285223,0.2000367571429554,0.2000367571429554,0.7999264857140892,0.7998514155299211,0.8001470285718215,0.8002971689401577
6.16,0.1999818971070945,0.1999818971070945,0.200036205785811,0.200036205785811,0.7999275884283779,0.7998536442969723,0.8001448231432442,0.8002927114060554
6.17,0.199982168650488,0.199982168650488,0.2000356626990239,0.2000356626990239,0.7999286746019522,0.7998558396325177,0.8001426507960956,0.8002883207349645
6.18,0.1999824361207307,0.1999824361207307,0.2000351277585385,0.2000351277585385,0.7999297444829229,0.7998580020380299,0.8001405110341542,0.8002839959239401
6.19,0.1999826995789198,0.1999826995789198,0.2000346008421605,0.2000346008421605,0.799930798315679,0.7998601320074594,0.8001384033686418,0.8002797359850811
6.2,0.199982959085236,0.199982959085236,0.200034081829528,0.200034081829528,0.7999318363409439,0.7998622300273476,0.8001363273181121,0.8002755399453048
6.21,0.1999832146989574,0.1999832146989574,0.2000335706020851,0.2000335706020851,0.7999328587958298,0.7998642965769374,0.8001342824083404,0.8002714068461252
6.22,0.1999834664784731,0.1999834664784731,0.2000330670430538,0.2000330670430538,0.7999338659138923,0.7998663321282833,0.8001322681722154,0.8002673357434333
6.23,0.199983714481296,0.199983714481296,0.200032571037408,0.200032571037408,0.7999348579251839,0.7998683371463591,0.8001302841496321,0.8002633257072818
6.24,0.1999839587640765,0.1999839587640765,0.2000320824718469,0.2000320824718469,0.7999358350563062,0.7998703120891637,0.8001283298873876,0.8002593758216725
6.25,0.1999841993826154,0.1999841993826154,0.2000316012347692,0.2000316012347692,0.7999367975304615,0.7998722574078263,0.8001264049390768,0.8002554851843473
6.26,0.1999844363918762,0.1999844363918762,0.2000311272162477,0.2000311272162477,0.7999377455675046,0.7998741735467089,0.8001245088649906,0.8002516529065822
6.27,0.199984669845998,0.199984669845998,0.2000306603080039,0.2000306603080039,0.7999386793839921,0.7998760609435083,0.8001226412320157,0.8002478781129834
6.28,0.1999848997983081,0.1999848997983081,0.2000302004033839,0.2000302004033839,0.7999395991932322,0.7998779200293556,0.8001208016135355,0.8002441599412886
6.29,0.1999851263013334,0.1999851263013334,0.2000297473973331,0.2000297473973331,0.7999405052053338,0.7998797512289153,0.8001189895893324,0.8002404975421693
6.3,0.1999853494068135,0.1999853494068135,0.2000293011863731,0.2000293011863731,0.7999413976272538,0.7998815549604815,0.8001172047454923,0.8002368900790369
6.31,0.1999855691657113,0.1999855691657113,0.2000288616685775,0.2000288616685775,0.799942276662845,0.7998833316360743,0.8001154466743099,0.8002333367278514
6.32,0.1999857856282256,0.1999857856282256,0.2000284287435488,0.2000284287435488,0.7999431425129023,0.7998850816615332,0.8001137149741953,0.8002298366769336
6.33,0.1999859988438022,0.1999859988438022,0.2000280023123956,0.2000280023123956,0.7999439953752088,0.7998868054366102,0.8001120092495824,0.8002263891267796
6.34,0.1999862088611452,0.1999862088611452,0.2000275822777097,0.2000275822777097,0.7999448354445806,0.799888503355061,0.8001103291108387,0.8002229932898779
6.350000000000001,0.199986415728228,0.199986415728228,0.200027168543544,0.200027168543544,0.7999456629129119,0.7998901758047351,0.8001086741741761,0.8002196483905297
6.36,0.1999866194923046,0.1999866194923046,0.2000267610153909,0.2000267610153909,0.7999464779692183,0.7998918231676641,0.8001070440615634,0.8002163536646718
6.37,0.19998682019992,0.19998682019992,0.20002635960016,0.20002635960016,0.79994728079968,0.7998934458201491,0.8001054384006399,0.8002131083597017
6.38,0.1999870178969212,0.1999870178969212,0.2000259642061576,0.2000259642061576,0.7999480715876848,0.7998950441328468,0.8001038568246304,0.8002099117343062
6.390000000000001,0.1999872126284674,0.1999872126284674,0.2000255747430652,0.2000255747430652,0.7999488505138695,0.7998966184708541,0.8001022989722608,0.8002067630582916
6.4,0.1999874044390404,0.1999874044390404,0.2000251911219192,0.2000251911219192,0.7999496177561615,0.7998981691937913,0.800100764487677,0.8002036616124173
6.41,0.1999875933724548,0.1999875933724548,0.2000248132550905,0.2000248132550905,0.799950373489819,0.7998996966558845,0.8000992530203619,0.800200606688231
6.42,0.1999877794718679,0.1999877794718679,0.2000244410562641,0.2000244410562641,0.7999511178874718,0.7999012012060461,0.8000977642250564,0.8001975975879076
6.43,0.1999879627797899,0.1999879627797899,0.2000240744404201,0.2000240744404201,0.7999518511191597,0.7999026831879554,0.8000962977616806,0.800194633624089
6.44,0.1999881433380931,0.1999881433380931,0.2000237133238139,0.2000237133238139,0.7999525733523722,0.7999041429401361,0.8000948532952554,0.8001917141197277
6.45,0.1999883211880217,0.1999883211880217,0.2000233576239566,0.2000233576239566,0.7999532847520867,0.7999055807960341,0.8000934304958265,0.8001888384079316
6.46,0.1999884963702014,0.1999884963702014,0.2000230072595973,0.2000230072595973,0.7999539854808054,0.7999069970840936,0.8000920290383891,0.8001860058318127
6.47,0.1999886689246483,0.1999886689246483,0.2000226621507033,0.2000226621507033,0.7999546756985934,0.7999083921278323,0.8000906486028132,0.8001832157443354
6.48,0.1999888388907786,0.1999888388907786,0.2000223222184427,0.2000223222184427,0.7999553555631145,0.7999097662459148,0.800089288873771,0.8001804675081703
6.49,0.1999890063074169,0.1999890063074169,0.2000219873851661,0.2000219873851661,0.7999560252296678,0.7999111197522261,0.8000879495406643,0.8001777604955478
6.5,0.1999891712128057,0.1999891712128057,0.2000216575743886,0.2000216575743886,0.7999566848512227,0.7999124529559427,0.8000866302975544,0.8001750940881145
6.51,0.1999893336446136,0.1999893336446136,0.2000213327107728,0.2000213327107728,0.7999573345784544,0.7999137661616036,0.8000853308430911,0.8001724676767927
6.52,0.1999894936399444,0.1999894936399444,0.2000210127201112,0.2000210127201112,0.7999579745597776,0.7999150596691795,0.8000840508804448,0.8001698806616409
6.53,0.1999896512353452,0.1999896512353452,0.2000206975293095,0.2000206975293095,0.7999586049413809,0.7999163337741418,0.800082790117238,0.8001673324517162
6.54,0.1999898064668151,0.1999898064668151,0.2000203870663699,0.2000203870663699,0.7999592258672602,0.7999175887675297,0.8000815482654795,0.8001648224649405
6.55,0.1999899593698128,0.1999899593698128,0.2000200812603743,0.2000200812603743,0.7999598374792513,0.7999188249360167,0.8000803250414974,0.8001623501279664
6.56,0.1999901099792656,0.1999901099792656,0.2000197800414688,0.2000197800414688,0.7999604399170624,0.7999200425619765,0.800079120165875,0.800159914876047
6.57,0.1999902583295766,0.1999902583295766,0.2000194833408467,0.2000194833408467,0.7999610333183065,0.7999212419235469,0.800077933363387,0.8001575161529062
6.58,0.199990404454633,0.199990404454633,0.200019191090734,0.200019191090734,0.7999616178185319,0.7999224232946937,0.8000767643629361,0.8001551534106126
6.59,0.1999905483878135,0.1999905483878135,0.200018903224373,0.200018903224373,0.799962193551254,0.7999235869452732,0.800075612897492,0.8001528261094535
6.600000000000001,0.1999906901619963,0.1999906901619963,0.2000186196760074,0.2000186196760074,0.7999627606479852,0.7999247331410941,0.8000744787040295,0.8001505337178116
6.61,0.1999908298095664,0.1999908298095664,0.2000183403808672,0.2000183403808672,0.7999633192382655,0.7999258621439778,0.800073361523469,0.8001482757120444
6.62,0.1999909673624229,0.1999909673624229,0.2000180652751543,0.2000180652751543,0.7999638694496914,0.7999269742118181,0.800072261100617,0.8001460515763636
6.63,0.1999911028519865,0.1999911028519865,0.200017794296027,0.200017794296027,0.7999644114079461,0.7999280695986408,0.8000711771841078,0.8001438608027183
6.640000000000001,0.1999912363092067,0.1999912363092067,0.2000175273815866,0.2000175273815866,0.7999649452368268,0.7999291485546612,0.8000701095263463,0.8001417028906774
6.65,0.1999913677645686,0.1999913677645686,0.2000172644708628,0.2000172644708628,0.7999654710582744,0.7999302113263413,0.8000690578834511,0.8001395773473172
6.66,0.1999914972481001,0.1999914972481001,0.2000170055037998,0.2000170055037998,0.7999659889924003,0.7999312581564463,0.8000680220151992,0.8001374836871074
6.67,0.1999916247893786,0.1999916247893786,0.2000167504212428,0.2000167504212428,0.7999664991575144,0.7999322892840995,0.8000670016849711,0.8001354214318008
6.68,0.1999917504175379,0.1999917504175379,0.2000164991649241,0.2000164991649241,0.7999670016701517,0.7999333049448381,0.8000659966596966,0.8001333901103238
6.69,0.1999918741612748,0.1999918741612748,0.2000162516774503,0.2000162516774503,0.7999674966450994,0.7999343053706655,0.8000650067098012,0.800131389258669
6.7,0.1999919960488557,0.1999919960488557,0.2000160079022885,0.2000160079022885,0.7999679841954229,0.7999352907901055,0.8000640316091541,0.8001294184197889
6.71,0.1999921161081229,0.1999921161081229,0.2000157677837542,0.2000157677837542,0.7999684644324916,0.7999362614282539,0.8000630711350167,0.8001274771434921
6.72,0.199992234366501,0.199992234366501,0.2000155312669979,0.2000155312669979,0.7999689374660042,0.7999372175068301,0.8000621250679916,0.8001255649863397
6.73,0.1999923508510035,0.1999923508510035,0.2000152982979929,0.2000152982979929,0.7999694034040141,0.7999381592442276,0.8000611931919717,0.8001236815115447
6.74,0.1999924655882385,0.1999924655882385,0.200015068823523,0.200015068823523,0.7999698623529539,0.7999390868555643,0.8000602752940922,0.8001218262888714
6.75,0.1999925786044149,0.1999925786044149,0.2000148427911702,0.2000148427911702,0.7999703144176595,0.7999400005527307,0.8000593711646808,0.8001199988945384
6.76,0.1999926899253487,0.1999926899253487,0.2000146201493027,0.2000146201493027,0.7999707597013946,0.7999409005444398,0.8000584805972106,0.8001181989111203
6.77,0.1999927995764684,0.1999927995764684,0.2000144008470631,0.2000144008470631,0.7999711983058737,0.7999417870362732,0.8000576033882525,0.8001164259274536
6.78,0.1999929075828214,0.1999929075828214,0.2000141848343572,0.2000141848343572,0.7999716303312856,0.799942660230729,0.8000567393374287,0.8001146795385419
6.79,0.1999930139690791,0.1999930139690791,0.2000139720618418,0.2000139720618418,0.7999720558763164,0.7999435203272681,0.8000558882473672,0.8001129593454637
6.8,0.1999931187595429,0.1999931187595429,0.2000137624809142,0.2000137624809142,0.7999724750381716,0.7999443675223591,0.8000550499236567,0.8001112649552817
6.81,0.1999932219781498,0.1999932219781498,0.2000135560437005,0.2000135560437005,0.799972887912599,0.7999452020095237,0.8000542241748019,0.8001095959809525
6.82,0.1999933236484775,0.1999933236484775,0.200013352703045,0.200013352703045,0.79997329459391,0.7999460239793809,0.80005341081218,0.8001079520412382
6.83,0.1999934237937503,0.1999934237937503,0.2000131524124993,0.2000131524124993,0.7999736951750013,0.7999468336196901,0.8000526096499974,0.8001063327606197
6.84,0.1999935224368441,0.1999935224368441,0.2000129551263118,0.2000129551263118,0.7999740897473763,0.7999476311153948,0.8000518205052474,0.8001047377692103
6.850000000000001,0.1999936196002914,0.1999936196002914,0.2000127607994172,0.2000127607994172,0.7999744784011656,0.7999484166486639,0.8000510431976686,0.8001031667026721
6.86,0.199993715306287,0.199993715306287,0.2000125693874259,0.2000125693874259,0.7999748612251482,0.799949190398934,0.8000502775497036,0.800101619202132
6.87,0.1999938095766927,0.1999938095766927,0.2000123808466145,0.2000123808466145,0.799975238306771,0.79994995254295,0.800049523386458,0.8001000949140999
6.88,0.1999939024330424,0.1999939024330424,0.2000121951339153,0.2000121951339153,0.7999756097321694,0.7999507032548058,0.8000487805356611,0.8000985934903884
6.890000000000001,0.1999939938965467,0.1999939938965467,0.2000120122069066,0.2000120122069066,0.7999759755861868,0.7999514427059837,0.8000480488276263,0.8000971145880325
6.9,0.1999940839880985,0.1999940839880985,0.200011832023803,0.200011832023803,0.799976335952394,0.799952171065394,0.8000473280952118,0.800095657869212
6.91,0.199994172728277,0.199994172728277,0.2000116545434459,0.2000116545434459,0.7999766909131081,0.799952888499413,0.8000466181737838,0.8000942230011738
6.92,0.1999942601373529,0.1999942601373529,0.2000114797252943,0.2000114797252943,0.7999770405494114,0.7999535951719219,0.800045918901177,0.8000928096561561
6.93,0.1999943462352926,0.1999943462352926,0.2000113075294149,0.2000113075294149,0.7999773849411702,0.799954291244343,0.8000452301176595,0.8000914175113139
6.94,0.1999944310417632,0.1999944310417632,0.2000111379164736,0.2000111379164736,0.7999777241670527,0.7999549768756778,0.8000445516658945,0.8000900462486442
6.95,0.1999945145761367,0.1999945145761367,0.2000109708477265,0.2000109708477265,0.7999780583045469,0.7999556522225427,0.800043883390906,0.8000886955549145
6.96,0.1999945968574947,0.1999945968574947,0.2000108062850106,0.2000108062850106,0.7999783874299787,0.7999563174392046,0.8000432251400424,0.8000873651215907
6.97,0.1999946779046323,0.1999946779046323,0.2000106441907354,0.2000106441907354,0.7999787116185291,0.7999569726776166,0.8000425767629418,0.8000860546447668
6.98,0.1999947577360628,0.1999947577360628,0.2000104845278744,0.2000104845278744,0.7999790309442512,0.7999576180874524,0.8000419381114976,0.8000847638250952
6.99,0.1999948363700219,0.1999948363700219,0.2000103272599563,0.2000103272599563,0.7999793454800874,0.7999582538161406,0.8000413090398251,0.8000834923677187
7,0.1999949138244715,0.1999949138244715,0.2000101723510569,0.2000101723510569,0.7999796552978861,0.7999588800088985,0.8000406894042278,0.800082239982203
7.01,0.1999949901171044,0.1999949901171044,0.2000100197657911,0.2000100197657911,0.7999799604684178,0.799959496808765,0.8000400790631643,0.8000810063824699
7.02,0.1999950652653479,0.1999950652653479,0.2000098694693042,0.2000098694693042,0.7999802610613915,0.7999601043566336,0.8000394778772169,0.8000797912867328
7.03,0.1999951392863677,0.1999951392863677,0.2000097214272646,0.2000097214272646,0.7999805571454707,0.7999607027912841,0.8000388857090586,0.8000785944174318
7.04,0.1999952121970721,0.1999952121970721,0.2000095756058557,0.2000095756058557,0.7999808487882886,0.7999612922494148,0.8000383024234228,0.8000774155011703
7.05,0.1999952840141161,0.1999952840141161,0.2000094319717678,0.2000094319717678,0.7999811360564643,0.7999618728656736,0.8000377278870714,0.8000762542686528
7.06,0.1999953547539043,0.1999953547539043,0.2000092904921913,0.2000092904921913,0.7999814190156173,0.7999624447726884,0.8000371619687654,0.8000751104546231
7.07,0.1999954244325957,0.1999954244325957,0.2000091511348085,0.2000091511348085,0.799981697730383,0.7999630081010981,0.800036604539234,0.8000739837978037
7.08,0.1999954930661068,0.1999954930661068,0.2000090138677864,0.2000090138677864,0.7999819722644272,0.7999635629795816,0.8000360554711454,0.8000728740408367
7.09,0.1999955606701152,0.1999955606701152,0.2000088786597696,0.2000088786597696,0.7999822426804608,0.7999641095348878,0.8000355146390783,0.8000717809302242
7.100000000000001,0.1999956272600635,0.1999956272600635,0.200008745479873,0.200008745479873,0.7999825090402539,0.7999646478918645,0.8000349819194921,0.8000707042162709
7.11,0.1999956928511625,0.1999956928511625,0.2000086142976749,0.2000086142976749,0.7999827714046501,0.7999651781734866,0.8000344571906997,0.8000696436530268
7.12,0.1999957574583951,0.1999957574583951,0.2000084850832098,0.2000084850832098,0.7999830298335804,0.7999657005008842,0.8000339403328391,0.8000685989982315
7.13,0.1999958210965192,0.1999958210965192,0.2000083578069616,0.2000083578069616,0.7999832843860767,0.7999662149933709,0.8000334312278465,0.800067570013258
7.140000000000001,0.1999958837800714,0.1999958837800714,0.2000082324398572,0.2000082324398572,0.7999835351202855,0.7999667217684704,0.8000329297594289,0.8000665564630591
7.15,0.1999959455233703,0.1999959455233703,0.2000081089532594,0.2000081089532594,0.7999837820934812,0.7999672209419433,0.8000324358130375,0.8000655581161134
7.16,0.1999960063405198,0.1999960063405198,0.2000079873189605,0.2000079873189605,0.799984025362079,0.7999677126278141,0.8000319492758419,0.8000645747443718
7.17,0.199996066245412,0.199996066245412,0.200007867509176,0.200007867509176,0.7999842649816479,0.7999681969383968,0.8000314700367042,0.8000636061232063
7.18,0.1999961252517308,0.1999961252517308,0.2000077494965384,0.2000077494965384,0.7999845010069232,0.7999686739843209,0.8000309979861535,0.8000626520313581
7.19,0.1999961833729548,0.1999961833729548,0.2000076332540903,0.2000076332540903,0.7999847334918193,0.7999691438745561,0.8000305330163613,0.8000617122508877
7.2,0.1999962406223605,0.1999962406223605,0.2000075187552789,0.2000075187552789,0.7999849624894421,0.7999696067164378,0.8000300750211158,0.8000607865671243
7.21,0.1999962970130251,0.1999962970130251,0.2000074059739498,0.2000074059739498,0.7999851880521004,0.7999700626156913,0.8000296238957991,0.8000598747686174
7.22,0.1999963525578297,0.1999963525578297,0.2000072948843405,0.2000072948843405,0.7999854102313189,0.7999705116764559,0.8000291795373622,0.800058976647088
7.23,0.1999964072694623,0.1999964072694623,0.2000071854610754,0.2000071854610754,0.7999856290778491,0.7999709540013091,0.8000287418443017,0.8000580919973816
7.24,0.1999964611604203,0.1999964611604203,0.2000070776791593,0.2000070776791593,0.7999858446416813,0.7999713896912894,0.8000283107166373,0.800057220617421
7.25,0.199996514243014,0.199996514243014,0.200006971513972,0.200006971513972,0.799986056972056,0.7999718188459201,0.8000278860558878,0.8000563623081598
7.26,0.1999965665293688,0.1999965665293688,0.2000068669412624,0.2000068669412624,0.7999862661174753,0.7999722415632312,0.8000274677650494,0.8000555168735375
7.27,0.1999966180314283,0.1999966180314283,0.2000067639371434,0.2000067639371434,0.7999864721257132,0.7999726579397828,0.8000270557485736,0.8000546841204343
7.28,0.1999966687609569,0.1999966687609569,0.2000066624780862,0.2000066624780862,0.7999866750438275,0.799973068070686,0.800026649912345,0.8000538638586279
7.29,0.1999967187295425,0.1999967187295425,0.2000065625409149,0.2000065625409149,0.7999868749181701,0.7999734720496258,0.8000262501636597,0.8000530559007484
7.3,0.1999967679485994,0.1999967679485994,0.2000064641028012,0.2000064641028012,0.7999870717943975,0.7999738699688814,0.8000258564112048,0.8000522600622371
7.31,0.1999968164293704,0.1999968164293704,0.2000063671412592,0.2000063671412592,0.7999872657174816,0.7999742619193482,0.8000254685650368,0.8000514761613036
7.32,0.1999968641829298,0.1999968641829298,0.2000062716341403,0.2000062716341403,0.7999874567317193,0.799974647990558,0.8000250865365612,0.800050704018884
7.33,0.1999969112201859,0.1999969112201859,0.2000061775596282,0.2000061775596282,0.7999876448807436,0.7999750282706996,0.8000247102385127,0.8000499434586008
7.34,0.1999969575518831,0.1999969575518831,0.2000060848962338,0.2000060848962338,0.7999878302075324,0.799975402846639,0.8000243395849351,0.8000491943067218
7.350000000000001,0.1999970031886049,0.1999970031886049,0.2000059936227903,0.2000059936227903,0.7999880127544194,0.7999757718039394,0.800023974491161,0.8000484563921211
7.36,0.1999970481407758,0.1999970481407758,0.2000059037184484,0.2000059037184484,0.7999881925631032,0.7999761352268804,0.8000236148737936,0.8000477295462392
7.37,0.1999970924186641,0.1999970924186641,0.2000058151626717,0.2000058151626717,0.7999883696746566,0.7999764931984772,0.8000232606506867,0.8000470136030455
7.38,0.1999971360323842,0.1999971360323842,0.2000057279352316,0.2000057279352316,0.7999885441295367,0.7999768458005,0.8000229117409265,0.8000463083989999
7.390000000000001,0.1999971789918984,0.1999971789918984,0.2000056420162032,0.2000056420162032,0.7999887159675936,0.7999771931134925,0.8000225680648128,0.800045613773015
7.4,0.1999972213070199,0.1999972213070199,0.2000055573859602,0.2000055573859602,0.7999888852280796,0.79997753521679,0.8000222295438406,0.8000449295664198
7.41,0.1999972629874146,0.1999972629874146,0.2000054740251708,0.2000054740251708,0.7999890519496584,0.7999778721885382,0.8000218961006831,0.8000442556229235
7.42,0.1999973040426034,0.1999973040426034,0.2000053919147932,0.2000053919147932,0.7999892161704135,0.7999782041057102,0.8000215676591729,0.8000435917885795
7.43,0.1999973444819643,0.1999973444819643,0.2000053110360713,0.2000053110360713,0.7999893779278573,0.7999785310441245,0.8000212441442853,0.8000429379117509
7.44,0.1999973843147348,0.1999973843147348,0.2000052313705303,0.2000052313705303,0.7999895372589394,0.7999788530784626,0.8000209254821211,0.8000422938430747
7.45,0.1999974235500138,0.1999974235500138,0.2000051528999723,0.2000051528999723,0.7999896942000553,0.7999791702822857,0.8000206115998894,0.8000416594354285
7.46,0.1999974621967636,0.1999974621967636,0.2000050756064727,0.2000050756064727,0.7999898487870545,0.7999794827280514,0.800020302425891,0.8000410345438971
7.47,0.1999975002638122,0.1999975002638122,0.2000049994723757,0.2000049994723757,0.7999900010552486,0.7999797904871306,0.8000199978895026,0.8000404190257386
7.48,0.199997537759855,0.199997537759855,0.20000492448029,0.20000492448029,0.7999901510394199,0.7999800936298237,0.80001969792116,0.8000398127403525
7.49,0.1999975746934572,0.1999975746934572,0.2000048506130856,0.2000048506130856,0.7999902987738287,0.7999803922253763,0.8000194024523426,0.8000392155492473
7.5,0.1999976110730553,0.1999976110730553,0.2000047778538894,0.2000047778538894,0.7999904442922212,0.7999806863419957,0.8000191114155575,0.8000386273160085
7.51,0.1999976469069595,0.1999976469069595,0.200004706186081,0.200004706186081,0.7999905876278379,0.7999809760468658,0.8000188247443241,0.8000380479062683
7.52,0.1999976822033551,0.1999976822033551,0.2000046355932898,0.2000046355932898,0.7999907288134204,0.7999812614061628,0.8000185423731592,0.8000374771876744
7.53,0.1999977169703048,0.1999977169703048,0.2000045660593904,0.2000045660593904,0.7999908678812191,0.7999815424850704,0.8000182642375617,0.8000369150298592
7.54,0.1999977512157502,0.1999977512157502,0.2000044975684996,0.2000044975684996,0.7999910048630008,0.7999818193477943,0.8000179902739983,0.8000363613044112
7.55,0.1999977849475139,0.1999977849475139,0.2000044301049721,0.2000044301049721,0.7999911397900558,0.7999820920575774,0.8000177204198884,0.8000358158848451
7.56,0.1999978181733012,0.1999978181733012,0.2000043636533975,0.2000043636533975,0.7999912726932049,0.7999823606767138,0.8000174546135901,0.8000352786465723
7.57,0.1999978509007017,0.1999978509007017,0.2000042981985966,0.2000042981985966,0.7999914036028068,0.7999826252665631,0.8000171927943862,0.8000347494668738
7.58,0.1999978831371912,0.1999978831371912,0.2000042337256176,0.2000042337256176,0.7999915325487648,0.7999828858875646,0.8000169349024704,0.8000342282248707
7.59,0.1999979148901333,0.1999979148901333,0.2000041702197333,0.2000041702197333,0.7999916595605333,0.7999831425992512,0.8000166808789333,0.8000337148014975
7.600000000000001,0.1999979461667813,0.1999979461667813,0.2000041076664373,0.2000041076664373,0.7999917846671253,0.7999833954602624,0.8000164306657493,0.8000332090794751
7.61,0.1999979769742796,0.1999979769742796,0.2000040460514408,0.2000040460514408,0.7999919078971184,0.7999836445283585,0.8000161842057631,0.800032710943283
7.62,0.1999980073196654,0.1999980073196654,0.2000039853606692,0.2000039853606692,0.7999920292786616,0.7999838898604331,0.8000159414426766,0.8000322202791337
7.63,0.1999980372098704,0.1999980372098704,0.2000039255802591,0.2000039255802591,0.7999921488394817,0.7999841315125267,0.8000157023210366,0.8000317369749466
7.640000000000001,0.1999980666517224,0.1999980666517224,0.2000038666965552,0.2000038666965552,0.7999922666068895,0.7999843695398388,0.8000154667862209,0.8000312609203224
7.65,0.1999980956519465,0.1999980956519465,0.2000038086961069,0.2000038086961069,0.7999923826077862,0.7999846039967412,0.8000152347844276,0.8000307920065175
7.66,0.1999981242171673,0.1999981242171673,0.2000037515656653,0.2000037515656653,0.7999924968686694,0.7999848349367901,0.8000150062626612,0.8000303301264198
7.67,0.1999981523539098,0.1999981523539098,0.2000036952921803,0.2000036952921803,0.7999926094156393,0.7999850624127383,0.8000147811687213,0.8000298751745234
7.68,0.1999981800686012,0.1999981800686012,0.2000036398627976,0.2000036398627976,0.7999927202744047,0.7999852864765472,0.8000145594511905,0.8000294270469055
7.69,0.1999982073675722,0.1999982073675722,0.2000035852648557,0.2000035852648557,0.7999928294702886,0.799985507179399,0.8000143410594227,0.800028985641202
7.7,0.1999982342570586,0.1999982342570586,0.2000035314858828,0.2000035314858828,0.7999929370282343,0.799985724571708,0.8000141259435314,0.8000285508565839
7.71,0.1999982607432027,0.1999982607432027,0.2000034785135946,0.2000034785135946,0.7999930429728107,0.7999859387031324,0.8000139140543785,0.8000281225937351
7.72,0.1999982868320546,0.1999982868320546,0.2000034263358907,0.2000034263358907,0.7999931473282186,0.7999861496225854,0.8000137053435628,0.8000277007548291
7.73,0.1999983125295738,0.1999983125295738,0.2000033749408524,0.2000033749408524,0.7999932501182953,0.7999863573782466,0.8000134997634094,0.8000272852435066
7.74,0.1999983378416302,0.1999983378416302,0.2000033243167396,0.2000033243167396,0.7999933513665208,0.7999865620175729,0.8000132972669582,0.8000268759648541
7.75,0.1999983627740058,0.1999983627740058,0.2000032744519885,0.2000032744519885,0.799993451096023,0.7999867635873094,0.8000130978079538,0.8000264728253812
7.76,0.1999983873323957,0.1999983873323957,0.2000032253352086,0.2000032253352086,0.7999935493295827,0.7999869621334997,0.8000129013408346,0.8000260757330004
7.77,0.1999984115224097,0.1999984115224097,0.2000031769551805,0.2000031769551805,0.799993646089639,0.7999871577014972,0.800012707820722,0.8000256845970055
7.78,0.1999984353495736,0.1999984353495736,0.2000031293008528,0.2000031293008528,0.7999937413982944,0.7999873503359748,0.8000125172034112,0.8000252993280503
7.79,0.19999845881933,0.19999845881933,0.20000308236134,0.20000308236134,0.7999938352773199,0.7999875400809352,0.80001232944536,0.8000249198381295
7.8,0.19999848193704,0.19999848193704,0.2000030361259199,0.2000030361259199,0.7999939277481601,0.7999877269797212,0.8000121445036796,0.8000245460405575
7.81,0.1999985047079844,0.1999985047079844,0.2000029905840311,0.2000029905840311,0.7999940188319378,0.7999879110750254,0.8000119623361244,0.8000241778499491
7.82,0.1999985271373647,0.1999985271373647,0.2000029457252706,0.2000029457252706,0.7999941085494587,0.7999880924089,0.8000117829010824,0.8000238151821999
7.83,0.1999985492303042,0.1999985492303042,0.2000029015393915,0.2000029015393915,0.7999941969212169,0.7999882710227665,0.8000116061575662,0.8000234579544669
7.84,0.1999985709918496,0.1999985709918496,0.2000028580163007,0.2000028580163007,0.7999942839673986,0.799988446957425,0.8000114320652028,0.8000231060851499
7.850000000000001,0.1999985924269719,0.1999985924269719,0.2000028151460562,0.2000028151460562,0.7999943697078876,0.7999886202530636,0.8000112605842247,0.8000227594938727
7.86,0.1999986135405673,0.1999986135405673,0.2000027729188653,0.2000027729188653,0.7999944541622693,0.7999887909492677,0.8000110916754613,0.8000224181014646
7.87,0.1999986343374588,0.1999986343374588,0.2000027313250823,0.2000027313250823,0.7999945373498353,0.7999889590850287,0.8000109253003294,0.8000220818299426
7.88,0.1999986548223969,0.1999986548223969,0.2000026903552061,0.2000026903552061,0.7999946192895877,0.7999891246987533,0.8000107614208245,0.8000217506024934
7.890000000000001,0.199998675000061,0.199998675000061,0.200002649999878,0.200002649999878,0.7999947000002439,0.7999892878282719,0.8000105999995122,0.800021424343456
7.9,0.1999986948750601,0.1999986948750601,0.2000026102498799,0.2000026102498799,0.7999947795002402,0.7999894485108479,0.8000104409995195,0.8000211029783042
7.91,0.1999987144519342,0.1999987144519342,0.2000025710961317,0.2000025710961317,0.7999948578077366,0.7999896067831851,0.8000102843845267,0.8000207864336297
7.92,0.1999987337351551,0.1999987337351551,0.2000025325296897,0.2000025325296897,0.7999949349406206,0.7999897626814373,0.8000101301187588,0.8000204746371253
7.930000000000001,0.1999987527291278,0.1999987527291278,0.2000024945417443,0.2000024945417443,0.7999950109165113,0.7999899162412157,0.8000099781669774,0.8000201675175684
7.94,0.1999987714381909,0.1999987714381909,0.2000024571236182,0.2000024571236182,0.7999950857527636,0.7999900674975975,0.8000098284944728,0.8000198650048049
7.95,0.199998789866618,0.199998789866618,0.2000024202667639,0.2000024202667639,0.7999951594664721,0.7999902164851336,0.8000096810670556,0.8000195670297328
7.96,0.1999988080186188,0.1999988080186188,0.2000023839627624,0.2000023839627624,0.7999952320744751,0.7999903632378565,0.8000095358510497,0.8000192735242868
7.97,0.1999988258983395,0.1999988258983395,0.200002348203321,0.200002348203321,0.799995303593358,0.7999905077892887,0.8000093928132839,0.8000189844214225
7.98,0.1999988435098644,0.1999988435098644,0.2000023129802712,0.2000023129802712,0.7999953740394576,0.7999906501724494,0.8000092519210846,0.8000186996551011
7.99,0.1999988608572164,0.1999988608572164,0.2000022782855671,0.2000022782855671,0.7999954434288657,0.7999907904198627,0.8000091131422684,0.8000184191602746
8,0.1999988779443582,0.1999988779443582,0.2000022441112836,0.2000022441112836,0.7999955117774328,0.7999909285635647,0.8000089764451344,0.8000181428728705
8.01,0.1999988947751928,0.1999988947751928,0.2000022104496144,0.2000022104496144,0.7999955791007712,0.7999910646351112,0.8000088417984574,0.8000178707297776
8.02,0.1999989113535649,0.1999989113535649,0.2000021772928701,0.2000021772928701,0.7999956454142597,0.7999911986655845,0.8000087091714805,0.8000176026688308
8.029999999999999,0.1999989276832615,0.1999989276832615,0.200002144633477,0.200002144633477,0.7999957107330459,0.7999913306856008,0.8000085785339082,0.8000173386287983
8.040000000000001,0.1999989437680126,0.1999989437680126,0.2000021124639749,0.2000021124639749,0.7999957750720502,0.7999914607253168,0.8000084498558995,0.8000170785493663
8.050000000000001,0.1999989596114924,0.1999989596114924,0.2000020807770153,0.2000020807770153,0.7999958384459694,0.799991588814437,0.800008323108061,0.8000168223711259
8.06,0.19999897521732,0.19999897521732,0.2000020495653601,0.2000020495653601,0.7999959008692799,0.7999917149822204,0.8000081982614402,0.800016570035559
8.07,0.1999989905890602,0.1999989905890602,0.2000020188218796,0.2000020188218796,0.7999959623562407,0.7999918392574872,0.8000080752875185,0.8000163214850255
8.08,0.1999990057302243,0.1999990057302243,0.2000019885395514,0.2000019885395514,0.7999960229208971,0.7999919616686249,0.8000079541582057,0.8000160766627502
8.09,0.1999990206442709,0.1999990206442709,0.2000019587114581,0.2000019587114581,0.7999960825770837,0.7999920822435955,0.8000078348458326,0.8000158355128089
8.1,0.1999990353346069,0.1999990353346069,0.2000019293307863,0.2000019293307863,0.7999961413384274,0.7999922010099416,0.800007717323145,0.8000155979801167
8.109999999999999,0.1999990498045878,0.1999990498045878,0.2000019003908244,0.2000019003908244,0.7999961992183511,0.7999923179947925,0.8000076015632978,0.8000153640104148
8.120000000000001,0.199999064057519,0.199999064057519,0.200001871884962,0.200001871884962,0.7999962562300759,0.7999924332248707,0.8000074875398482,0.8000151335502586
8.130000000000001,0.1999990780966562,0.1999990780966562,0.2000018438066876,0.2000018438066876,0.7999963123866247,0.7999925467264977,0.8000073752267505,0.8000149065470046
8.140000000000001,0.1999990919252063,0.1999990919252063,0.2000018161495873,0.2000018161495873,0.7999963677008254,0.7999926585256002,0.8000072645983491,0.8000146829487995
8.15,0.1999991055463282,0.1999991055463282,0.2000017889073435,0.2000017889073435,0.799996422185313,0.7999927686477162,0.800007155629374,0.8000144627045676
8.16,0.1999991189631333,0.1999991189631333,0.2000017620737333,0.2000017620737333,0.7999964758525333,0.7999928771180005,0.8000070482949333,0.8000142457639989
8.17,0.1999991321786863,0.1999991321786863,0.2000017356426273,0.2000017356426273,0.7999965287147454,0.7999929839612305,0.8000069425705092,0.8000140320775389
8.18,0.199999145196006,0.199999145196006,0.2000017096079879,0.2000017096079879,0.7999965807840241,0.7999930892018121,0.8000068384319516,0.8000138215963757
8.19,0.1999991580180659,0.1999991580180659,0.2000016839638681,0.2000016839638681,0.7999966320722638,0.7999931928637849,0.8000067358554723,0.8000136142724301
8.199999999999999,0.199999170647795,0.199999170647795,0.2000016587044101,0.2000016587044101,0.7999966825911798,0.7999932949708282,0.8000066348176402,0.8000134100583436
8.210000000000001,0.199999183088078,0.199999183088078,0.2000016338238439,0.2000016338238439,0.7999967323523122,0.7999933955462657,0.8000065352953756,0.8000132089074685
8.220000000000001,0.1999991953417569,0.1999991953417569,0.2000016093164863,0.2000016093164863,0.7999967813670275,0.7999934946130717,0.800006437265945,0.8000130107738566
8.23,0.1999992074116305,0.1999992074116305,0.2000015851767389,0.2000015851767389,0.7999968296465221,0.7999935921938756,0.8000063407069558,0.8000128156122488
8.24,0.1999992193004561,0.1999992193004561,0.2000015613990879,0.2000015613990879,0.7999968772018242,0.7999936883109674,0.8000062455963515,0.8000126233780651
8.25,0.1999992310109492,0.1999992310109492,0.2000015379781016,0.2000015379781016,0.7999969240437969,0.7999937829863029,0.8000061519124062,0.8000124340273942
8.26,0.199999242545785,0.199999242545785,0.20000151490843,0.20000151490843,0.7999969701831399,0.7999938762415083,0.8000060596337202,0.8000122475169833
8.27,0.1999992539075982,0.1999992539075982,0.2000014921848036,0.2000014921848036,0.7999970156303927,0.7999939680978857,0.8000059687392145,0.8000120638042285
8.279999999999999,0.1999992650989842,0.1999992650989842,0.2000014698020315,0.2000014698020315,0.7999970603959369,0.7999940585764174,0.8000058792081262,0.8000118828471652
8.290000000000001,0.1999992761224995,0.1999992761224995,0.2000014477550011,0.2000014477550011,0.7999971044899978,0.7999941476977711,0.8000057910200042,0.8000117046044577
8.300000000000001,0.199999286980662,0.199999286980662,0.200001426038676,0.200001426038676,0.7999971479226479,0.7999942354823045,0.8000057041547042,0.8000115290353909
8.31,0.199999297675952,0.199999297675952,0.2000014046480959,0.2000014046480959,0.7999971907038081,0.7999943219500699,0.8000056185923836,0.8000113560998601
8.32,0.1999993082108127,0.1999993082108127,0.2000013835783745,0.2000013835783745,0.799997232843251,0.7999944071208188,0.800005534313498,0.8000111857583623
8.33,0.1999993185876505,0.1999993185876505,0.2000013628246989,0.2000013628246989,0.7999972743506022,0.7999944910140065,0.8000054512987955,0.8000110179719868
8.34,0.1999993288088358,0.1999993288088358,0.2000013423823284,0.2000013423823284,0.7999973152353431,0.7999945736487964,0.8000053695293137,0.800010852702407
8.35,0.1999993388767032,0.1999993388767032,0.2000013222465935,0.2000013222465935,0.7999973555068129,0.7999946550440645,0.800005288986374,0.8000106899118709
8.359999999999999,0.1999993487935527,0.1999993487935527,0.2000013024128946,0.2000013024128946,0.7999973951742108,0.7999947352184036,0.8000052096515784,0.8000105295631927
8.370000000000001,0.1999993585616494,0.1999993585616494,0.2000012828767012,0.2000012828767012,0.7999974342465976,0.7999948141901275,0.8000051315068046,0.8000103716197449
8.380000000000001,0.1999993681832247,0.1999993681832247,0.2000012636335506,0.2000012636335506,0.7999974727328987,0.7999948919772756,0.8000050545342026,0.8000102160454488
8.390000000000001,0.1999993776604763,0.1999993776604763,0.2000012446790474,0.2000012446790474,0.7999975106419052,0.7999949685976164,0.8000049787161896,0.8000100628047671
8.4,0.1999993869955692,0.1999993869955692,0.2000012260088617,0.2000012260088617,0.7999975479822766,0.7999950440686522,0.8000049040354467,0.8000099118626955
8.41,0.1999993961906356,0.1999993961906356,0.2000012076187287,0.2000012076187287,0.7999975847625425,0.7999951184076224,0.800004830474915,0.8000097631847551
8.42,0.1999994052477761,0.1999994052477761,0.2000011895044478,0.2000011895044478,0.7999976209911043,0.799995191631508,0.8000047580177914,0.8000096167369839
8.43,0.1999994141690594,0.1999994141690594,0.2000011716618811,0.2000011716618811,0.7999976566762377,0.7999952637570353,0.8000046866475246,0.8000094724859292
8.44,0.1999994229565235,0.1999994229565235,0.2000011540869529,0.2000011540869529,0.7999976918260941,0.7999953348006799,0.8000046163478116,0.8000093303986402
8.449999999999999,0.1999994316121757,0.1999994316121757,0.2000011367756486,0.2000011367756486,0.7999977264487027,0.7999954047786697,0.8000045471025945,0.8000091904426605
8.460000000000001,0.199999440137993,0.199999440137993,0.2000011197240139,0.2000011197240139,0.7999977605519721,0.7999954737069896,0.8000044788960556,0.8000090525860206
8.470000000000001,0.1999994485359231,0.1999994485359231,0.2000011029281537,0.2000011029281537,0.7999977941436925,0.7999955416013848,0.8000044117126148,0.8000089167972304
8.48,0.1999994568078843,0.1999994568078843,0.2000010863842314,0.2000010863842314,0.7999978272315371,0.799995608477364,0.8000043455369257,0.800008783045272
8.49,0.199999464955766,0.199999464955766,0.200001070088468,0.200001070088468,0.799997859823064,0.7999956743502035,0.8000042803538718,0.800008651299593
8.5,0.1999994729814295,0.1999994729814295,0.2000010540371409,0.2000010540371409,0.7999978919257181,0.7999957392349504,0.8000042161485637,0.8000085215300992
8.51,0.1999994808867081,0.1999994808867081,0.2000010382265838,0.2000010382265838,0.7999979235468324,0.7999958031464262,0.8000041529063351,0.8000083937071476
8.52,0.1999994886734075,0.1999994886734075,0.200001022653185,0.200001022653185,0.7999979546936299,0.7999958660992298,0.8000040906127401,0.8000082678015403
8.529999999999999,0.1999994963433064,0.1999994963433064,0.2000010073133873,0.2000010073133873,0.7999979853732254,0.7999959281077413,0.8000040292535491,0.8000081437845172
8.540000000000001,0.1999995038981568,0.1999995038981568,0.2000009922036864,0.2000009922036864,0.7999980155926271,0.7999959891861252,0.8000039688147458,0.8000080216277494
8.550000000000001,0.1999995113396844,0.1999995113396844,0.2000009773206312,0.2000009773206312,0.7999980453587376,0.7999960493483333,0.8000039092825246,0.8000079013033332
8.56,0.1999995186695891,0.1999995186695891,0.2000009626608217,0.2000009626608217,0.7999980746783566,0.7999961086081083,0.8000038506432867,0.8000077827837833
8.57,0.1999995258895453,0.1999995258895453,0.2000009482209094,0.2000009482209094,0.7999981035581812,0.7999961669789867,0.8000037928836374,0.8000076660420266
8.58,0.1999995330012021,0.1999995330012021,0.2000009339975957,0.2000009339975957,0.7999981320048085,0.7999962244743019,0.8000037359903829,0.8000075510513962
8.59,0.1999995400061841,0.1999995400061841,0.2000009199876318,0.2000009199876318,0.7999981600247363,0.7999962811071873,0.8000036799505272,0.8000074377856252
8.6,0.1999995469060913,0.1999995469060913,0.2000009061878174,0.2000009061878174,0.7999981876243653,0.7999963368905796,0.8000036247512694,0.8000073262188407
8.609999999999999,0.1999995537024999,0.1999995537024999,0.2000008925950001,0.2000008925950001,0.7999982148099998,0.7999963918372209,0.8000035703800004,0.800007216325558
8.620000000000001,0.1999995603969625,0.1999995603969625,0.2000008792060751,0.2000008792060751,0.7999982415878498,0.7999964459596626,0.8000035168243003,0.8000071080806748
8.630000000000001,0.199999566991008,0.199999566991008,0.2000008660179839,0.2000008660179839,0.7999982679640321,0.7999964992702676,0.8000034640719358,0.8000070014594647
8.640000000000001,0.1999995734861429,0.1999995734861429,0.2000008530277142,0.2000008530277142,0.7999982939445716,0.7999965517812136,0.8000034121108568,0.8000068964375726
8.65,0.1999995798838508,0.1999995798838508,0.2000008402322985,0.2000008402322985,0.799998319535403,0.7999966035044954,0.8000033609291939,0.8000067929910091
8.66,0.199999586185593,0.199999586185593,0.200000827628814,0.200000827628814,0.799998344742372,0.799996654451928,0.800003310515256,0.8000066910961439
8.67,0.1999995923928091,0.1999995923928091,0.2000008152143818,0.2000008152143818,0.7999983695712364,0.7999967046351492,0.8000032608575272,0.8000065907297016
8.68,0.199999598506917,0.199999598506917,0.2000008029861661,0.2000008029861661,0.7999983940276678,0.7999967540656219,0.8000032119446643,0.8000064918687562
8.69,0.1999996045293132,0.1999996045293132,0.2000007909413736,0.2000007909413736,0.7999984181172528,0.7999968027546376,0.8000031637654943,0.8000063944907247
8.700000000000001,0.1999996104613735,0.1999996104613735,0.2000007790772529,0.2000007790772529,0.7999984418454941,0.7999968507133181,0.8000031163090118,0.8000062985733638
8.710000000000001,0.1999996163044529,0.1999996163044529,0.2000007673910941,0.2000007673910941,0.7999984652178117,0.7999968979526183,0.8000030695643765,0.8000062040947633
8.720000000000001,0.1999996220598861,0.1999996220598861,0.2000007558802277,0.2000007558802277,0.7999984882395446,0.799996944483329,0.8000030235209108,0.8000061110333418
8.73,0.1999996277289879,0.1999996277289879,0.2000007445420243,0.2000007445420243,0.7999985109159514,0.7999969903160791,0.8000029781680971,0.8000060193678418
8.74,0.199999633313053,0.199999633313053,0.2000007333738939,0.2000007333738939,0.7999985332522122,0.7999970354613379,0.8000029334955756,0.800005929077324
8.75,0.1999996388133573,0.1999996388133573,0.2000007223732855,0.2000007223732855,0.799998555253429,0.7999970799294178,0.8000028894931419,0.8000058401411643
8.76,0.1999996442311569,0.1999996442311569,0.2000007115376862,0.2000007115376862,0.7999985769246276,0.7999971237304766,0.8000028461507447,0.8000057525390467
8.77,0.1999996495676896,0.1999996495676896,0.2000007008646209,0.2000007008646209,0.7999985982707583,0.7999971668745195,0.8000028034584834,0.8000056662509609
8.779999999999999,0.1999996548241742,0.1999996548241742,0.2000006903516515,0.2000006903516515,0.7999986192966969,0.7999972093714017,0.8000027614066061,0.8000055812571965
8.790000000000001,0.1999996600018116,0.1999996600018116,0.2000006799963768,0.2000006799963768,0.7999986400072464,0.7999972512308307,0.8000027199855071,0.8000054975383386
8.800000000000001,0.1999996651017844,0.1999996651017844,0.2000006697964311,0.2000006697964311,0.7999986604071377,0.7999972924623682,0.8000026791857244,0.8000054150752636
8.81,0.1999996701252577,0.1999996701252577,0.2000006597494847,0.2000006597494847,0.7999986805010306,0.7999973330754326,0.8000026389979387,0.8000053338491346
8.82,0.1999996750733788,0.1999996750733788,0.2000006498532424,0.2000006498532424,0.7999987002935152,0.7999973730793012,0.8000025994129696,0.8000052538413975
8.83,0.1999996799472781,0.1999996799472781,0.2000006401054438,0.2000006401054438,0.7999987197891124,0.7999974124831116,0.8000025604217751,0.8000051750337767
8.84,0.1999996847480689,0.1999996847480689,0.2000006305038621,0.2000006305038621,0.7999987389922757,0.799997451295865,0.8000025220154485,0.80000509740827
8.85,0.1999996894768479,0.1999996894768479,0.2000006210463042,0.2000006210463042,0.7999987579073916,0.799997489526427,0.8000024841852167,0.8000050209471459
8.859999999999999,0.1999996941346952,0.1999996941346952,0.2000006117306096,0.2000006117306096,0.7999987765387807,0.7999975271835306,0.8000024469224385,0.8000049456329388
8.870000000000001,0.1999996987226748,0.1999996987226748,0.2000006025546505,0.2000006025546505,0.799998794890699,0.7999975642757776,0.8000024102186019,0.8000048714484447
8.880000000000001,0.1999997032418346,0.1999997032418346,0.2000005935163307,0.2000005935163307,0.7999988129673385,0.799997600811641,0.8000023740653228,0.800004798376718
8.890000000000001,0.1999997076932071,0.1999997076932071,0.2000005846135857,0.2000005846135857,0.7999988307728285,0.7999976367994663,0.8000023384543429,0.8000047264010672
8.9,0.199999712077809,0.199999712077809,0.2000005758443819,0.2000005758443819,0.7999988483112361,0.7999976722474743,0.8000023033775276,0.8000046555050513
8.91,0.1999997163966419,0.1999997163966419,0.2000005672067162,0.2000005672067162,0.7999988655865676,0.7999977071637622,0.8000022688268646,0.8000045856724756
8.92,0.1999997206506923,0.1999997206506923,0.2000005586986154,0.2000005586986154,0.7999988826027691,0.7999977415563058,0.8000022347944618,0.8000045168873884
8.93,0.1999997248409319,0.1999997248409319,0.2000005503181362,0.2000005503181362,0.7999988993637276,0.7999977754329611,0.8000022012725447,0.8000044491340776
8.94,0.1999997289683179,0.1999997289683179,0.2000005420633642,0.2000005420633642,0.7999989158732717,0.7999978088014668,0.8000021682534566,0.8000043823970664
8.950000000000001,0.1999997330337931,0.1999997330337931,0.2000005339324137,0.2000005339324137,0.7999989321351726,0.7999978416694448,0.8000021357296547,0.8000043166611104
8.960000000000001,0.1999997370382862,0.1999997370382862,0.2000005259234275,0.2000005259234275,0.799998948153145,0.7999978740444031,0.8000021036937099,0.8000042519111936
8.970000000000001,0.1999997409827119,0.1999997409827119,0.2000005180345761,0.2000005180345761,0.7999989639308478,0.7999979059337371,0.8000020721383043,0.8000041881325257
8.98,0.1999997448679713,0.1999997448679713,0.2000005102640575,0.2000005102640575,0.799998979471885,0.799997937344731,0.8000020410562299,0.8000041253105379
8.99,0.1999997486949517,0.1999997486949517,0.2000005026100966,0.2000005026100966,0.7999989947798067,0.79999796828456,0.8000020104403864,0.8000040634308798
9,0.1999997524645274,0.1999997524645274,0.2000004950709451,0.2000004950709451,0.7999990098581097,0.7999979987602917,0.8000019802837806,0.8000040024794166
9.01,0.1999997561775595,0.1999997561775595,0.200000487644881,0.200000487644881,0.799999024710238,0.7999980287788873,0.8000019505795239,0.8000039424422254
9.02,0.1999997598348961,0.1999997598348961,0.2000004803302078,0.2000004803302078,0.7999990393395844,0.7999980583472039,0.8000019213208311,0.800003883305592
9.029999999999999,0.1999997634373727,0.1999997634373727,0.2000004731252547,0.2000004731252547,0.7999990537494907,0.7999980874719959,0.8000018925010186,0.8000038250560082
9.040000000000001,0.1999997669858121,0.1999997669858121,0.2000004660283758,0.2000004660283758,0.7999990679432483,0.7999981161599159,0.8000018641135034,0.8000037676801681
9.050000000000001,0.1999997704810249,0.1999997704810249,0.2000004590379502,0.2000004590379502,0.7999990819240995,0.7999981444175172,0.8000018361518009,0.8000037111649656
9.06,0.1999997739238095,0.1999997739238095,0.200000452152381,0.200000452152381,0.799999095695238,0.7999981722512544,0.800001808609524,0.8000036554974912
9.07,0.1999997773149524,0.1999997773149524,0.2000004453700953,0.2000004453700953,0.7999991092598094,0.7999981996674855,0.800001781480381,0.8000036006650288
9.08,0.1999997806552281,0.1999997806552281,0.2000004386895438,0.2000004386895438,0.7999991226209123,0.7999982266724732,0.8000017547581753,0.8000035466550535
9.09,0.1999997839453997,0.1999997839453997,0.2000004321092007,0.2000004321092007,0.7999991357815986,0.7999982532723862,0.8000017284368026,0.8000034934552276
9.1,0.1999997871862187,0.1999997871862187,0.2000004256275627,0.2000004256275627,0.7999991487448747,0.7999982794733004,0.8000017025102506,0.8000034410533992
9.109999999999999,0.1999997903784254,0.1999997903784254,0.2000004192431492,0.2000004192431492,0.7999991615137015,0.7999983052812009,0.8000016769725968,0.8000033894375982
9.120000000000001,0.199999793522749,0.199999793522749,0.200000412954502,0.200000412954502,0.799999174090996,0.7999983307019829,0.800001651818008,0.8000033385960341
9.130000000000001,0.1999997966199077,0.1999997966199077,0.2000004067601845,0.2000004067601845,0.799999186479631,0.7999983557414532,0.800001627040738,0.8000032885170936
9.140000000000001,0.1999997996706091,0.1999997996706091,0.2000004006587817,0.2000004006587817,0.7999991986824365,0.7999983804053313,0.8000016026351269,0.8000032391893372
9.15,0.19999980267555,0.19999980267555,0.2000003946489,0.2000003946489,0.7999992107021999,0.7999984046992513,0.8000015785956001,0.8000031906014973
9.16,0.1999998056354167,0.1999998056354167,0.2000003887291665,0.2000003887291665,0.7999992225416669,0.7999984286287626,0.8000015549166661,0.8000031427424747
9.17,0.1999998085508855,0.1999998085508855,0.200000382898229,0.200000382898229,0.7999992342035419,0.7999984521993312,0.8000015315929161,0.8000030956013375
9.18,0.1999998114226222,0.1999998114226222,0.2000003771547556,0.2000003771547556,0.7999992456904887,0.7999984754163412,0.8000015086190224,0.8000030491673176
9.19,0.1999998142512829,0.1999998142512829,0.2000003714974343,0.2000003714974343,0.7999992570051314,0.7999984982850961,0.8000014859897371,0.8000030034298078
9.200000000000001,0.1999998170375136,0.1999998170375136,0.2000003659249728,0.2000003659249728,0.7999992681500544,0.7999985208108196,0.8000014636998911,0.8000029583783608
9.210000000000001,0.1999998197819509,0.1999998197819509,0.2000003604360982,0.2000003604360982,0.7999992791278036,0.7999985429986572,0.8000014417443928,0.8000029140026854
9.220000000000001,0.1999998224852216,0.1999998224852216,0.2000003550295567,0.2000003550295567,0.7999992899408865,0.7999985648536774,0.8000014201182268,0.8000028702926452
9.23,0.1999998251479433,0.1999998251479433,0.2000003497041133,0.2000003497041133,0.7999993005917733,0.7999985863808722,0.8000013988164534,0.8000028272382556
9.24,0.1999998277707242,0.1999998277707242,0.2000003444585516,0.2000003444585516,0.7999993110828967,0.7999986075851591,0.8000013778342066,0.8000027848296818
9.25,0.1999998303541633,0.1999998303541633,0.2000003392916734,0.2000003392916734,0.7999993214166532,0.7999986284713817,0.8000013571666935,0.8000027430572365
9.26,0.1999998328988508,0.1999998328988508,0.2000003342022983,0.2000003342022983,0.7999993315954034,0.7999986490443109,0.8000013368091932,0.800002701911378
9.27,0.1999998354053681,0.1999998354053681,0.2000003291892638,0.2000003291892638,0.7999993416214723,0.7999986693086463,0.8000013167570552,0.8000026613827074
9.279999999999999,0.1999998378742876,0.1999998378742876,0.2000003242514248,0.2000003242514248,0.7999993514971503,0.7999986892690166,0.8000012970056993,0.8000026214619667
9.290000000000001,0.1999998403061733,0.1999998403061733,0.2000003193876534,0.2000003193876534,0.7999993612246931,0.7999987089299814,0.8000012775506138,0.8000025821400372
9.300000000000001,0.1999998427015807,0.1999998427015807,0.2000003145968386,0.2000003145968386,0.7999993708063227,0.7999987282960317,0.8000012583873546,0.8000025434079365
9.31,0.1999998450610569,0.1999998450610569,0.2000003098778861,0.2000003098778861,0.7999993802442278,0.7999987473715913,0.8000012395115443,0.8000025052568174
9.32,0.1999998473851411,0.1999998473851411,0.2000003052297178,0.2000003052297178,0.7999993895405644,0.7999987661610174,0.8000012209188712,0.8000024676779651
9.33,0.199999849674364,0.199999849674364,0.200000300651272,0.200000300651272,0.799999398697456,0.7999987846686021,0.800001202605088,0.8000024306627957
9.34,0.1999998519292485,0.1999998519292485,0.2000002961415029,0.2000002961415029,0.7999994077169941,0.7999988028985731,0.8000011845660118,0.8000023942028538
9.35,0.1999998541503098,0.1999998541503098,0.2000002916993804,0.2000002916993804,0.7999994166012392,0.7999988208550944,0.8000011667975215,0.800002358289811
9.359999999999999,0.1999998563380551,0.1999998563380551,0.2000002873238897,0.2000002873238897,0.7999994253522206,0.7999988385422681,0.8000011492955588,0.8000023229154638
9.370000000000001,0.1999998584929843,0.1999998584929843,0.2000002830140313,0.2000002830140313,0.7999994339719373,0.799998855964134,0.8000011320561253,0.8000022880717319
9.380000000000001,0.1999998606155896,0.1999998606155896,0.2000002787688209,0.2000002787688209,0.7999994424623582,0.799998873124672,0.8000011150752835,0.8000022537506559
9.390000000000001,0.1999998627063557,0.1999998627063557,0.2000002745872886,0.2000002745872886,0.7999994508254228,0.7999988900278019,0.8000010983491543,0.8000022199443961
9.4,0.1999998647657604,0.1999998647657604,0.2000002704684792,0.2000002704684792,0.7999994590630415,0.7999989066773848,0.8000010818739169,0.8000021866452303
9.41,0.199999866794274,0.199999866794274,0.200000266411452,0.200000266411452,0.7999994671770959,0.7999989230772241,0.8000010656458081,0.8000021538455517
9.42,0.1999998687923599,0.1999998687923599,0.2000002624152802,0.2000002624152802,0.7999994751694395,0.7999989392310657,0.800001049661121,0.8000021215378685
9.43,0.1999998707604745,0.1999998707604745,0.200000258479051,0.200000258479051,0.7999994830418979,0.7999989551425997,0.800001033916204,0.8000020897148006
9.44,0.1999998726990674,0.1999998726990674,0.2000002546018653,0.2000002546018653,0.7999994907962694,0.7999989708154607,0.8000010184074611,0.8000020583690786
9.450000000000001,0.1999998746085813,0.1999998746085813,0.2000002507828373,0.2000002507828373,0.7999994984343254,0.7999989862532287,0.8000010031313491,0.8000020274935424
9.460000000000001,0.1999998764894526,0.1999998764894526,0.2000002470210947,0.2000002470210947,0.7999995059578106,0.7999990014594303,0.8000009880843788,0.8000019970811394
9.470000000000001,0.1999998783421109,0.1999998783421109,0.2000002433157783,0.2000002433157783,0.7999995133684434,0.7999990164375388,0.800000973263113,0.8000019671249223
9.48,0.1999998801669792,0.1999998801669792,0.2000002396660416,0.2000002396660416,0.7999995206679168,0.7999990311909757,0.8000009586641663,0.8000019376180485
9.49,0.1999998819644745,0.1999998819644745,0.2000002360710509,0.2000002360710509,0.7999995278578981,0.7999990457231111,0.8000009442842038,0.8000019085537777
9.5,0.1999998837350074,0.1999998837350074,0.2000002325299852,0.2000002325299852,0.7999995349400296,0.7999990600372644,0.8000009301199407,0.8000018799254711
9.51,0.1999998854789823,0.1999998854789823,0.2000002290420354,0.2000002290420354,0.7999995419159291,0.7999990741367055,0.8000009161681416,0.800001851726589
9.52,0.1999998871967976,0.1999998871967976,0.2000002256064048,0.2000002256064048,0.7999995487871903,0.7999990880246549,0.8000009024256194,0.8000018239506901
9.529999999999999,0.1999998888888456,0.1999998888888456,0.2000002222223088,0.2000002222223088,0.7999995555553824,0.7999991017042851,0.8000008888892352,0.8000017965914297
9.540000000000001,0.1999998905555129,0.1999998905555129,0.2000002188889742,0.2000002188889742,0.7999995622220516,0.7999991151787208,0.8000008755558967,0.8000017696425583
9.550000000000001,0.1999998921971802,0.1999998921971802,0.2000002156056396,0.2000002156056396,0.7999995687887208,0.7999991284510399,0.8000008624225583,0.80000174309792
9.56,0.1999998938142225,0.1999998938142225,0.200000212371555,0.200000212371555,0.79999957525689,0.7999991415242743,0.8000008494862199,0.8000017169514513
9.57,0.1999998954070092,0.1999998954070092,0.2000002091859817,0.2000002091859817,0.7999995816280366,0.7999991544014102,0.8000008367439266,0.8000016911971795
9.58,0.199999896975904,0.199999896975904,0.2000002060481919,0.2000002060481919,0.7999995879036161,0.7999991670853891,0.8000008241927676,0.8000016658292217
9.59,0.1999998985212655,0.1999998985212655,0.200000202957469,0.200000202957469,0.7999995940850619,0.7999991795791083,0.800000811829876,0.8000016408417834
9.6,0.1999999000434465,0.1999999000434465,0.200000199913107,0.200000199913107,0.799999600173786,0.7999991918854217,0.8000007996524279,0.8000016162291566
9.609999999999999,0.1999999015427948,0.1999999015427948,0.2000001969144103,0.2000001969144103,0.7999996061711793,0.7999992040071403,0.8000007876576414,0.8000015919857193
9.620000000000001,0.1999999030196529,0.1999999030196529,0.2000001939606942,0.2000001939606942,0.7999996120786116,0.7999992159470332,0.8000007758427767,0.8000015681059336
9.630000000000001,0.1999999044743581,0.1999999044743581,0.2000001910512837,0.2000001910512837,0.7999996178974325,0.7999992277078276,0.800000764205135,0.8000015445843447
9.640000000000001,0.1999999059072427,0.1999999059072427,0.2000001881855145,0.2000001881855145,0.7999996236289709,0.7999992392922102,0.8000007527420581,0.8000015214155796
9.65,0.1999999073186341,0.1999999073186341,0.2000001853627318,0.2000001853627318,0.7999996292745364,0.7999992507028271,0.8000007414509271,0.8000014985943458
9.66,0.1999999087088546,0.1999999087088546,0.2000001825822908,0.2000001825822908,0.7999996348354184,0.7999992619422847,0.8000007303291632,0.8000014761154306
9.67,0.1999999100782218,0.1999999100782218,0.2000001798435564,0.2000001798435564,0.7999996403128871,0.7999992730131504,0.8000007193742258,0.800001453973699
9.68,0.1999999114270484,0.1999999114270484,0.2000001771459031,0.2000001771459031,0.7999996457081937,0.7999992839179532,0.8000007085836125,0.8000014321640936
9.69,0.1999999127556427,0.1999999127556427,0.2000001744887146,0.2000001744887146,0.7999996510225708,0.7999992946591838,0.8000006979548584,0.8000014106816322
9.700000000000001,0.1999999140643081,0.1999999140643081,0.2000001718713839,0.2000001718713839,0.7999996562572322,0.7999993052392961,0.8000006874855354,0.8000013895214078
9.710000000000001,0.1999999153533434,0.1999999153533434,0.2000001692933131,0.2000001692933131,0.7999996614133738,0.7999993156607066,0.8000006771732524,0.8000013686785867
9.720000000000001,0.1999999166230433,0.1999999166230433,0.2000001667539134,0.2000001667539134,0.7999996664921731,0.799999325925796,0.8000006670156536,0.8000013481484078
9.73,0.1999999178736976,0.1999999178736976,0.2000001642526047,0.2000001642526047,0.7999996714947906,0.7999993360369091,0.8000006570104188,0.8000013279261817
9.74,0.1999999191055922,0.1999999191055922,0.2000001617888156,0.2000001617888156,0.7999996764223687,0.7999993459963555,0.8000006471552625,0.800001308007289
9.75,0.1999999203190083,0.1999999203190083,0.2000001593619834,0.2000001593619834,0.7999996812760332,0.7999993558064101,0.8000006374479336,0.8000012883871797
9.76,0.1999999215142232,0.1999999215142232,0.2000001569715537,0.2000001569715537,0.7999996860568926,0.7999993654693139,0.8000006278862146,0.800001269061372
9.77,0.1999999226915098,0.1999999226915098,0.2000001546169803,0.2000001546169803,0.7999996907660393,0.7999993749872742,0.8000006184679214,0.8000012500254514
9.779999999999999,0.1999999238511372,0.1999999238511372,0.2000001522977256,0.2000001522977256,0.7999996954045487,0.7999993843624651,0.8000006091909024,0.8000012312750697
9.790000000000001,0.1999999249933701,0.1999999249933701,0.2000001500132597,0.2000001500132597,0.7999996999734805,0.7999993935970281,0.8000006000530389,0.8000012128059437
9.800000000000001,0.1999999261184696,0.1999999261184696,0.2000001477630608,0.2000001477630608,0.7999997044738784,0.7999994026930727,0.8000005910522432,0.8000011946138545
9.81,0.1999999272266925,0.1999999272266925,0.2000001455466149,0.2000001455466149,0.7999997089067702,0.7999994116526766,0.8000005821864595,0.8000011766946467
9.82,0.1999999283182922,0.1999999283182922,0.2000001433634157,0.2000001433634157,0.7999997132731687,0.7999994204778865,0.8000005734536626,0.8000011590442269
9.83,0.1999999293935178,0.1999999293935178,0.2000001412129644,0.2000001412129644,0.7999997175740712,0.7999994291707182,0.8000005648518576,0.8000011416585635
9.84,0.199999930452615,0.199999930452615,0.2000001390947699,0.2000001390947699,0.7999997218104601,0.7999994377331574,0.8000005563790797,0.8000011245336851
9.85,0.1999999314958258,0.1999999314958258,0.2000001370083484,0.2000001370083484,0.7999997259833032,0.79999944616716,0.8000005480333936,0.8000011076656799
9.859999999999999,0.1999999325233884,0.1999999325233884,0.2000001349532232,0.2000001349532232,0.7999997300935536,0.7999994544746526,0.8000005398128927,0.8000010910506947
9.870000000000001,0.1999999335355376,0.1999999335355376,0.2000001329289248,0.2000001329289248,0.7999997341421503,0.7999994626575329,0.8000005317156993,0.8000010746849342
9.880000000000001,0.1999999345325045,0.1999999345325045,0.200000130934991,0.200000130934991,0.799999738130018,0.7999994707176699,0.8000005237399639,0.8000010585646602
9.890000000000001,0.1999999355145169,0.1999999355145169,0.2000001289709661,0.2000001289709661,0.7999997420580678,0.7999994786569048,0.8000005158838643,0.8000010426861903
9.9,0.1999999364817992,0.1999999364817992,0.2000001270364016,0.2000001270364016,0.7999997459271968,0.7999994864770512,0.8000005081456063,0.8000010270458975
9.91,0.1999999374345722,0.1999999374345722,0.2000001251308556,0.2000001251308556,0.7999997497382888,0.7999994941798955,0.8000005005234223,0.800001011640209
9.92,0.1999999383730536,0.1999999383730536,0.2000001232538928,0.2000001232538928,0.7999997534922144,0.799999501767197,0.8000004930155711,0.8000009964656059
9.93,0.1999999392974578,0.1999999392974578,0.2000001214050844,0.2000001214050844,0.7999997571898312,0.7999995092406891,0.8000004856203375,0.8000009815186218
9.94,0.1999999402079959,0.1999999402079959,0.2000001195840081,0.2000001195840081,0.7999997608319838,0.7999995166020787,0.8000004783360324,0.8000009667958425
9.950000000000001,0.199999941104876,0.199999941104876,0.200000117790248,0.200000117790248,0.799999764419504,0.7999995238530475,0.8000004711609918,0.8000009522939049
9.960000000000001,0.1999999419883029,0.1999999419883029,0.2000001160233942,0.2000001160233942,0.7999997679532115,0.7999995309952518,0.8000004640935769,0.8000009380094963
9.970000000000001,0.1999999428584783,0.1999999428584783,0.2000001142830433,0.2000001142830433,0.7999997714339133,0.799999538030323,0.8000004571321733,0.800000923939354
9.98,0.1999999437156011,0.1999999437156011,0.2000001125687977,0.2000001125687977,0.7999997748624046,0.7999995449598681,0.8000004502751907,0.8000009100802636
9.99,0.1999999445598671,0.1999999445598671,0.2000001108802657,0.2000001108802657,0.7999997782394686,0.7999995517854701,0.8000004435210628,0.8000008964290597
10,0.1999999453914691,0.1999999453914691,0.2000001092170617,0.2000001092170617,0.7999997815658765,0.7999995585086881,0.800000436868247,0.8000008829826237
10.01,0.1999999462105971,0.1999999462105971,0.2000001075788058,0.2000001075788058,0.7999997848423883,0.7999995651310577,0.8000004303152233,0.8000008697378844
10.02,0.1999999470174381,0.1999999470174381,0.2000001059651237,0.2000001059651237,0.7999997880697525,0.7999995716540919,0.800000423860495,0.8000008566918162
10.03,0.1999999478121766,0.1999999478121766,0.2000001043756469,0.2000001043756469,0.7999997912487062,0.7999995780792805,0.8000004175025874,0.800000843841439
10.04,0.1999999485949939,0.1999999485949939,0.2000001028100122,0.2000001028100122,0.7999997943799756,0.7999995844080913,0.8000004112400487,0.8000008311838174
10.05,0.199999949366069,0.199999949366069,0.200000101267862,0.200000101267862,0.799999797464276,0.7999995906419699,0.800000405071448,0.8000008187160601
10.06,0.1999999501255779,0.1999999501255779,0.2000000997488441,0.2000000997488441,0.7999998005023118,0.7999995967823403,0.8000003989953763,0.8000008064353192
10.07,0.1999999508736943,0.1999999508736943,0.2000000982526114,0.2000000982526114,0.7999998034947771,0.7999996028306052,0.8000003930104458,0.8000007943387895
10.08,0.1999999516105888,0.1999999516105888,0.2000000967788223,0.2000000967788223,0.7999998064423554,0.7999996087881461,0.8000003871152892,0.8000007824237076
10.09,0.19999995233643,0.19999995233643,0.20000009532714,0.20000009532714,0.79999980934572,0.799999614656324,0.8000003813085599,0.800000770687352
10.1,0.1999999530513835,0.1999999530513835,0.2000000938972329,0.2000000938972329,0.7999998122055342,0.7999996204364791,0.8000003755889316,0.8000007591270417
10.11,0.1999999537556128,0.1999999537556128,0.2000000924887744,0.2000000924887744,0.7999998150224512,0.7999996261299319,0.8000003699550975,0.8000007477401361
10.12,0.1999999544492786,0.1999999544492786,0.2000000911014427,0.2000000911014427,0.7999998177971145,0.7999996317379829,0.8000003644057709,0.800000736524034
10.13,0.1999999551325394,0.1999999551325394,0.2000000897349211,0.2000000897349211,0.7999998205301577,0.7999996372619131,0.8000003589396845,0.8000007254761736
10.14,0.1999999558055513,0.1999999558055513,0.2000000883888973,0.2000000883888973,0.7999998232222053,0.7999996427029844,0.8000003535555893,0.8000007145940311
10.15,0.199999956468468,0.199999956468468,0.2000000870630639,0.2000000870630639,0.7999998258738722,0.7999996480624396,0.8000003482522555,0.8000007038751207
10.16,0.199999957121441,0.199999957121441,0.2000000857571179,0.2000000857571179,0.7999998284857641,0.799999653341503,0.8000003430284717,0.8000006933169939
10.17,0.1999999577646194,0.1999999577646194,0.2000000844707612,0.2000000844707612,0.7999998310584776,0.7999996585413804,0.8000003378830447,0.800000682917239
10.18,0.1999999583981501,0.1999999583981501,0.2000000832036998,0.2000000832036998,0.7999998335926004,0.7999996636632597,0.8000003328147991,0.8000006726734805
10.19,0.1999999590221778,0.1999999590221778,0.2000000819556443,0.2000000819556443,0.7999998360887114,0.7999996687083109,0.8000003278225771,0.8000006625833782
10.2,0.1999999596368452,0.1999999596368452,0.2000000807263096,0.2000000807263096,0.7999998385473808,0.7999996736776862,0.8000003229052384,0.8000006526446275
10.21,0.1999999602422925,0.1999999602422925,0.2000000795154149,0.2000000795154149,0.7999998409691701,0.799999678572521,0.8000003180616597,0.800000642854958
10.22,0.1999999608386581,0.1999999608386581,0.2000000783226837,0.2000000783226837,0.7999998433546326,0.7999996833939331,0.8000003132907347,0.8000006332121337
10.23,0.1999999614260783,0.1999999614260783,0.2000000771478434,0.2000000771478434,0.7999998457043132,0.7999996881430241,0.8000003085913736,0.8000006237139516
10.24,0.1999999620046871,0.1999999620046871,0.2000000759906257,0.2000000759906257,0.7999998480187485,0.7999996928208788,0.800000303962503,0.8000006143582423
10.25,0.1999999625746168,0.1999999625746168,0.2000000748507664,0.2000000748507664,0.7999998502984672,0.7999996974285656,0.8000002994030655,0.8000006051428687
10.26,0.1999999631359975,0.1999999631359975,0.2000000737280049,0.2000000737280049,0.7999998525439902,0.7999997019671371,0.8000002949120195,0.8000005960657257
10.27,0.1999999636889576,0.1999999636889576,0.2000000726220848,0.2000000726220848,0.7999998547558304,0.7999997064376301,0.8000002904883392,0.8000005871247398
10.28,0.1999999642336232,0.1999999642336232,0.2000000715327535,0.2000000715327535,0.7999998569344929,0.7999997108410656,0.800000286131014,0.8000005783178687
10.29,0.1999999647701189,0.1999999647701189,0.2000000704597622,0.2000000704597622,0.7999998590804756,0.7999997151784496,0.8000002818390488,0.8000005696431007
10.3,0.1999999652985671,0.1999999652985671,0.2000000694028657,0.2000000694028657,0.7999998611942685,0.7999997194507729,0.800000277611463,0.8000005610984542
10.31,0.1999999658190886,0.1999999658190886,0.2000000683618228,0.2000000683618228,0.7999998632763544,0.7999997236590113,0.8000002734472911,0.8000005526819773
10.32,0.1999999663318023,0.1999999663318023,0.2000000673363954,0.2000000673363954,0.7999998653272091,0.7999997278041261,0.8000002693455817,0.8000005443917477
10.33,0.1999999668368252,0.1999999668368252,0.2000000663263495,0.2000000663263495,0.799999867347301,0.7999997318870642,0.8000002653053979,0.8000005362258715
10.34,0.1999999673342729,0.1999999673342729,0.2000000653314543,0.2000000653314543,0.7999998693370914,0.7999997359087583,0.800000261325817,0.8000005281824834
10.35,0.1999999678242588,0.1999999678242588,0.2000000643514824,0.2000000643514824,0.7999998712970351,0.799999739870127,0.8000002574059297,0.800000520259746
10.36,0.1999999683068949,0.1999999683068949,0.2000000633862102,0.2000000633862102,0.7999998732275796,0.7999997437720751,0.8000002535448407,0.8000005124558498
10.37,0.1999999687822915,0.1999999687822915,0.200000062435417,0.200000062435417,0.7999998751291659,0.799999747615494,0.8000002497416681,0.800000504769012
10.38,0.1999999692505571,0.1999999692505571,0.2000000614988858,0.2000000614988858,0.7999998770022284,0.7999997514012616,0.8000002459955431,0.8000004971974768
10.39,0.1999999697117988,0.1999999697117988,0.2000000605764025,0.2000000605764025,0.799999878847195,0.7999997551302427,0.8000002423056098,0.8000004897395145
10.4,0.1999999701661218,0.1999999701661218,0.2000000596677564,0.2000000596677564,0.7999998806644871,0.799999758803289,0.8000002386710257,0.8000004823934219
10.41,0.19999997061363,0.19999997061363,0.2000000587727401,0.2000000587727401,0.7999998824545198,0.7999997624212397,0.8000002350909603,0.8000004751575205
10.42,0.1999999710544255,0.1999999710544255,0.200000057891149,0.200000057891149,0.799999884217702,0.7999997659849211,0.800000231564596,0.8000004680301578
10.43,0.1999999714886091,0.1999999714886091,0.2000000570227818,0.2000000570227818,0.7999998859544364,0.7999997694951473,0.8000002280911271,0.8000004610097053
10.44,0.19999997191628,0.19999997191628,0.20000005616744,0.20000005616744,0.7999998876651199,0.7999997729527201,0.8000002246697602,0.8000004540945598
10.45,0.1999999723375358,0.1999999723375358,0.2000000553249284,0.2000000553249284,0.7999998893501431,0.7999997763584292,0.8000002212997137,0.8000004472831415
10.46,0.1999999727524727,0.1999999727524727,0.2000000544950545,0.2000000544950545,0.799999891009891,0.7999997797130528,0.8000002179802179,0.8000004405738943
10.47,0.1999999731611856,0.1999999731611856,0.2000000536776287,0.2000000536776287,0.7999998926447426,0.799999783017357,0.8000002147105147,0.800000433965286
10.48,0.1999999735637679,0.1999999735637679,0.2000000528724643,0.2000000528724643,0.7999998942550715,0.7999997862720967,0.800000211489857,0.8000004274558066
10.49,0.1999999739603114,0.1999999739603114,0.2000000520793773,0.2000000520793773,0.7999998958412454,0.7999997894780152,0.8000002083175091,0.8000004210439695
10.5,0.1999999743509067,0.1999999743509067,0.2000000512981866,0.2000000512981866,0.7999998974036268,0.799999792635845,0.8000002051927464,0.80000041472831
10.51,0.1999999747356431,0.1999999747356431,0.2000000505287138,0.2000000505287138,0.7999998989425724,0.7999997957463073,0.8000002021148551,0.8000004085073853
10.52,0.1999999751146085,0.1999999751146085,0.2000000497707831,0.2000000497707831,0.7999999004584338,0.7999997988101127,0.8000001990831322,0.8000004023797744
10.53,0.1999999754878893,0.1999999754878893,0.2000000490242213,0.2000000490242213,0.7999999019515573,0.799999801827961,0.8000001960968852,0.8000003963440778
10.54,0.199999975855571,0.199999975855571,0.200000048288858,0.200000048288858,0.799999903422284,0.7999998048005417,0.8000001931554319,0.8000003903989166
10.55,0.1999999762177374,0.1999999762177374,0.2000000475645251,0.2000000475645251,0.7999999048709497,0.7999998077285335,0.8000001902581004,0.8000003845429329
10.56,0.1999999765744714,0.1999999765744714,0.2000000468510572,0.2000000468510572,0.7999999062978855,0.7999998106126055,0.8000001874042288,0.8000003787747889
10.57,0.1999999769258543,0.1999999769258543,0.2000000461482914,0.2000000461482914,0.7999999077034172,0.7999998134534164,0.8000001845931655,0.8000003730931671
10.58,0.1999999772719665,0.1999999772719665,0.200000045456067,0.200000045456067,0.799999909087866,0.7999998162516152,0.8000001818242679,0.8000003674967695
10.59,0.199999977612887,0.199999977612887,0.2000000447742259,0.2000000447742259,0.7999999104515481,0.799999819007841,0.8000001790969038,0.8000003619843179
10.6,0.1999999779486937,0.1999999779486937,0.2000000441026126,0.2000000441026126,0.7999999117947748,0.7999998217227234,0.8000001764104503,0.800000356554553
10.61,0.1999999782794633,0.1999999782794633,0.2000000434410734,0.2000000434410734,0.7999999131178532,0.7999998243968826,0.8000001737642934,0.8000003512062348
10.62,0.1999999786052714,0.1999999786052714,0.2000000427894573,0.2000000427894573,0.7999999144210854,0.7999998270309293,0.8000001711578291,0.8000003459381413
10.63,0.1999999789261923,0.1999999789261923,0.2000000421476154,0.2000000421476154,0.7999999157047691,0.7999998296254653,0.8000001685904616,0.8000003407490692
10.64,0.1999999792422994,0.1999999792422994,0.2000000415154012,0.2000000415154012,0.7999999169691976,0.7999998321810834,0.8000001660616047,0.8000003356378331
10.65,0.1999999795536649,0.1999999795536649,0.2000000408926702,0.2000000408926702,0.7999999182146597,0.7999998346983671,0.8000001635706806,0.8000003306032657
10.66,0.1999999798603599,0.1999999798603599,0.2000000402792801,0.2000000402792801,0.7999999194414398,0.7999998371778916,0.8000001611171204,0.8000003256442167
10.67,0.1999999801624545,0.1999999801624545,0.2000000396750909,0.2000000396750909,0.7999999206498182,0.7999998396202233,0.8000001587003636,0.8000003207595534
10.68,0.1999999804600177,0.1999999804600177,0.2000000390799646,0.2000000390799646,0.7999999218400708,0.7999998420259199,0.8000001563198582,0.8000003159481601
10.69,0.1999999807531175,0.1999999807531175,0.2000000384937651,0.2000000384937651,0.7999999230124698,0.7999998443955311,0.8000001539750603,0.8000003112089378
10.7,0.1999999810418207,0.1999999810418207,0.2000000379163586,0.2000000379163586,0.7999999241672827,0.7999998467295981,0.8000001516654345,0.8000003065408037
10.71,0.1999999813261934,0.1999999813261934,0.2000000373476132,0.2000000373476132,0.7999999253047735,0.7999998490286542,0.8000001493904529,0.8000003019426916
10.72,0.1999999816063005,0.1999999816063005,0.200000036787399,0.200000036787399,0.7999999264252019,0.7999998512932244,0.8000001471495961,0.8000002974135512
10.73,0.199999981882206,0.199999981882206,0.200000036235588,0.200000036235588,0.7999999275288239,0.799999853523826,0.8000001449423522,0.800000292952348
10.74,0.1999999821539729,0.1999999821539729,0.2000000356920542,0.2000000356920542,0.7999999286158915,0.7999998557209685,0.8000001427682168,0.8000002885580628
10.75,0.1999999824216633,0.1999999824216633,0.2000000351566734,0.2000000351566734,0.7999999296866531,0.799999857885154,0.8000001406266937,0.8000002842296918
10.76,0.1999999826853383,0.1999999826853383,0.2000000346293233,0.2000000346293233,0.7999999307413533,0.7999998600168767,0.8000001385172932,0.8000002799662465
10.77,0.1999999829450582,0.1999999829450582,0.2000000341098835,0.2000000341098835,0.799999931780233,0.7999998621166236,0.8000001364395339,0.8000002757667528
10.78,0.1999999832008824,0.1999999832008824,0.2000000335982352,0.2000000335982352,0.7999999328035295,0.7999998641848742,0.8000001343929408,0.8000002716302514
10.79,0.1999999834528692,0.1999999834528692,0.2000000330942617,0.2000000330942617,0.7999999338114766,0.7999998662221011,0.8000001323770467,0.8000002675557978
10.8,0.1999999837010761,0.1999999837010761,0.2000000325978478,0.2000000325978478,0.7999999348043044,0.7999998682287696,0.8000001303913911,0.8000002635424608
10.81,0.19999998394556,0.19999998394556,0.2000000321088801,0.2000000321088801,0.7999999357822398,0.799999870205338,0.8000001284355203,0.8000002595893239
10.82,0.1999999841863765,0.1999999841863765,0.2000000316272469,0.2000000316272469,0.7999999367455062,0.799999872152258,0.8000001265089876,0.8000002556954839
10.83,0.1999999844235809,0.1999999844235809,0.2000000311528382,0.2000000311528382,0.7999999376943235,0.7999998740699741,0.8000001246113528,0.8000002518600517
10.84,0.1999999846572272,0.1999999846572272,0.2000000306855456,0.2000000306855456,0.7999999386289087,0.7999998759589245,0.8000001227421825,0.8000002480821509
10.85,0.1999999848873688,0.1999999848873688,0.2000000302252624,0.2000000302252624,0.7999999395494751,0.7999998778195406,0.8000001209010497,0.8000002443609187
10.86,0.1999999851140583,0.1999999851140583,0.2000000297718835,0.2000000297718835,0.799999940456233,0.7999998796522475,0.8000001190875339,0.8000002406955049
10.87,0.1999999853373474,0.1999999853373474,0.2000000293253052,0.2000000293253052,0.7999999413493896,0.7999998814574638,0.8000001173012208,0.8000002370850723
10.88,0.1999999855572872,0.1999999855572872,0.2000000288854256,0.2000000288854256,0.7999999422291487,0.7999998832356019,0.8000001155417025,0.8000002335287961
10.89,0.1999999857739279,0.1999999857739279,0.2000000284521442,0.2000000284521442,0.7999999430957115,0.7999998849870679,0.8000001138085768,0.8000002300258642
10.9,0.199999985987319,0.199999985987319,0.200000028025362,0.200000028025362,0.7999999439492759,0.7999998867122619,0.8000001121014482,0.8000002265754762
10.91,0.1999999861975092,0.1999999861975092,0.2000000276049816,0.2000000276049816,0.7999999447900368,0.7999998884115779,0.8000001104199264,0.8000002231768442
10.92,0.1999999864045466,0.1999999864045466,0.2000000271909069,0.2000000271909069,0.7999999456181862,0.7999998900854042,0.8000001087636275,0.8000002198291916
10.93,0.1999999866084783,0.1999999866084783,0.2000000267830433,0.2000000267830433,0.7999999464339134,0.7999998917341231,0.8000001071321732,0.8000002165317537
10.94,0.1999999868093512,0.1999999868093512,0.2000000263812977,0.2000000263812977,0.7999999472374046,0.7999998933581113,0.8000001055251906,0.8000002132837774
10.95,0.1999999870072109,0.1999999870072109,0.2000000259855782,0.2000000259855782,0.7999999480288436,0.7999998949577396,0.8000001039423128,0.8000002100845207
10.96,0.1999999872021027,0.1999999872021027,0.2000000255957946,0.2000000255957946,0.7999999488084109,0.7999998965333736,0.8000001023831782,0.8000002069332528
10.97,0.1999999873940712,0.1999999873940712,0.2000000252118576,0.2000000252118576,0.7999999495762847,0.799999898085373,0.8000001008474305,0.800000203829254
10.98,0.1999999875831601,0.1999999875831601,0.2000000248336797,0.2000000248336797,0.7999999503326405,0.7999998996140923,0.8000000993347189,0.8000002007718152
10.99,0.1999999877694127,0.1999999877694127,0.2000000244611745,0.2000000244611745,0.7999999510776509,0.799999901119881,0.8000000978446982,0.800000197760238
11,0.1999999879528715,0.1999999879528715,0.2000000240942569,0.2000000240942569,0.7999999518114861,0.7999999026030827,0.8000000963770277,0.8000001947938344
11.01,0.1999999881335784,0.1999999881335784,0.2000000237328431,0.2000000237328431,0.7999999525343138,0.7999999040640365,0.8000000949313724,0.8000001918719268
11.02,0.1999999883115748,0.1999999883115748,0.2000000233768505,0.2000000233768505,0.799999953246299,0.799999905503076,0.8000000935074019,0.8000001889938479
11.03,0.1999999884869011,0.1999999884869011,0.2000000230261977,0.2000000230261977,0.7999999539476046,0.7999999069205298,0.8000000921047907,0.8000001861589403
11.04,0.1999999886595976,0.1999999886595976,0.2000000226808047,0.2000000226808047,0.7999999546383906,0.7999999083167219,0.8000000907232188,0.8000001833665562
11.05,0.1999999888297037,0.1999999888297037,0.2000000223405926,0.2000000223405926,0.7999999553188147,0.799999909691971,0.8000000893623704,0.8000001806160579
11.06,0.1999999889972581,0.1999999889972581,0.2000000220054837,0.2000000220054837,0.7999999559890325,0.7999999110465914,0.8000000880219349,0.8000001779068171
11.07,0.1999999891622992,0.1999999891622992,0.2000000216754015,0.2000000216754015,0.799999956649197,0.7999999123808925,0.8000000867016059,0.8000001752382149
11.08,0.1999999893248648,0.1999999893248648,0.2000000213502705,0.2000000213502705,0.7999999572994591,0.7999999136951791,0.8000000854010818,0.8000001726096417
11.09,0.1999999894849918,0.1999999894849918,0.2000000210300164,0.2000000210300164,0.7999999579399671,0.7999999149897514,0.8000000841200656,0.8000001700204971
11.1,0.1999999896427169,0.1999999896427169,0.2000000207145662,0.2000000207145662,0.7999999585708676,0.7999999162649052,0.8000000828582647,0.8000001674701895
11.11,0.1999999897980761,0.1999999897980761,0.2000000204038477,0.2000000204038477,0.7999999591923046,0.7999999175209316,0.8000000816153907,0.8000001649581368
11.12,0.199999989951105,0.199999989951105,0.2000000200977899,0.2000000200977899,0.7999999598044201,0.7999999187581176,0.8000000803911598,0.8000001624837647
11.13,0.1999999901018384,0.1999999901018384,0.2000000197963231,0.2000000197963231,0.7999999604073538,0.7999999199767458,0.8000000791852924,0.8000001600465083
11.14,0.1999999902503109,0.1999999902503109,0.2000000194993782,0.2000000194993782,0.7999999610012435,0.7999999211770946,0.8000000779975129,0.8000001576458107
11.15,0.1999999903965562,0.1999999903965562,0.2000000192068875,0.2000000192068875,0.7999999615862249,0.7999999223594382,0.8000000768275501,0.8000001552811236
11.16,0.1999999905406079,0.1999999905406079,0.2000000189187842,0.2000000189187842,0.7999999621624315,0.7999999235240466,0.8000000756751369,0.8000001529519067
11.17,0.1999999906824988,0.1999999906824988,0.2000000186350024,0.2000000186350024,0.7999999627299951,0.7999999246711859,0.8000000745400098,0.8000001506576282
11.18,0.1999999908222613,0.1999999908222613,0.2000000183554774,0.2000000183554774,0.7999999632890451,0.7999999258011181,0.8000000734219097,0.8000001483977637
11.19,0.1999999909599273,0.1999999909599273,0.2000000180801453,0.2000000180801453,0.7999999638397094,0.7999999269141014,0.8000000723205811,0.8000001461717972
11.2,0.1999999910955284,0.1999999910955284,0.2000000178089431,0.2000000178089431,0.7999999643821137,0.7999999280103899,0.8000000712357724,0.8000001439792201
11.21,0.1999999912290955,0.1999999912290955,0.200000017541809,0.200000017541809,0.799999964916382,0.799999929090234,0.8000000701672358,0.8000001418195319
11.22,0.1999999913606591,0.1999999913606591,0.2000000172786818,0.2000000172786818,0.7999999654426363,0.7999999301538805,0.8000000691147273,0.8000001396922389
11.23,0.1999999914902492,0.1999999914902492,0.2000000170195016,0.2000000170195016,0.7999999659609968,0.7999999312015723,0.8000000680780064,0.8000001375968553
11.24,0.1999999916178954,0.1999999916178954,0.2000000167642091,0.2000000167642091,0.7999999664715818,0.7999999322335487,0.8000000670568364,0.8000001355329025
11.25,0.199999991743627,0.199999991743627,0.200000016512746,0.200000016512746,0.799999966974508,0.7999999332500455,0.8000000660509838,0.8000001334999089
11.26,0.1999999918674726,0.1999999918674726,0.2000000162650548,0.2000000162650548,0.7999999674698904,0.7999999342512948,0.800000065060219,0.8000001314974103
11.27,0.1999999919894605,0.1999999919894605,0.2000000160210789,0.2000000160210789,0.7999999679578421,0.7999999352375253,0.8000000640843157,0.8000001295249493
11.28,0.1999999921096186,0.1999999921096186,0.2000000157807627,0.2000000157807627,0.7999999684384745,0.7999999362089625,0.8000000631230508,0.8000001275820749
11.29,0.1999999922279743,0.1999999922279743,0.2000000155440513,0.2000000155440513,0.7999999689118974,0.7999999371658281,0.8000000621762051,0.8000001256683438
11.3,0.1999999923445547,0.1999999923445547,0.2000000153108905,0.2000000153108905,0.7999999693782189,0.7999999381083407,0.800000061243562,0.8000001237833185
11.31,0.1999999924593864,0.1999999924593864,0.2000000150812272,0.2000000150812272,0.7999999698375456,0.7999999390367156,0.8000000603249087,0.8000001219265687
11.32,0.1999999925724956,0.1999999925724956,0.2000000148550087,0.2000000148550087,0.7999999702899825,0.7999999399511649,0.8000000594200349,0.8000001200976701
11.33,0.1999999926839082,0.1999999926839082,0.2000000146321836,0.2000000146321836,0.7999999707356328,0.7999999408518974,0.8000000585287343,0.8000001182962051
11.34,0.1999999927936496,0.1999999927936496,0.2000000144127008,0.2000000144127008,0.7999999711745983,0.7999999417391189,0.8000000576508033,0.8000001165217621
11.35,0.1999999929017448,0.1999999929017448,0.2000000141965103,0.2000000141965103,0.7999999716069793,0.7999999426130321,0.8000000567860412,0.8000001147739357
11.36,0.1999999930082187,0.1999999930082187,0.2000000139835627,0.2000000139835627,0.7999999720328747,0.7999999434738366,0.8000000559342506,0.8000001130523267
11.37,0.1999999931130954,0.1999999931130954,0.2000000137738092,0.2000000137738092,0.7999999724523815,0.7999999443217291,0.8000000550952369,0.8000001113565418
11.38,0.1999999932163989,0.1999999932163989,0.2000000135672021,0.2000000135672021,0.7999999728655958,0.7999999451569031,0.8000000542688084,0.8000001096861937
11.39,0.199999993318153,0.199999993318153,0.2000000133636941,0.2000000133636941,0.7999999732726119,0.7999999459795496,0.8000000534547762,0.8000001080409007
11.4,0.1999999934183807,0.1999999934183807,0.2000000131632386,0.2000000131632386,0.7999999736735227,0.7999999467898563,0.8000000526529545,0.8000001064202873
11.41,0.199999993517105,0.199999993517105,0.2000000129657901,0.2000000129657901,0.7999999740684198,0.7999999475880084,0.8000000518631603,0.8000001048239831
11.42,0.1999999936143484,0.1999999936143484,0.2000000127713032,0.2000000127713032,0.7999999744573936,0.7999999483741883,0.8000000510852128,0.8000001032516233
11.43,0.1999999937101332,0.1999999937101332,0.2000000125797337,0.2000000125797337,0.7999999748405326,0.7999999491485755,0.8000000503189346,0.8000001017028489
11.44,0.1999999938044812,0.1999999938044812,0.2000000123910377,0.2000000123910377,0.7999999752179247,0.7999999499113469,0.8000000495641506,0.8000001001773061
11.45,0.1999999938974139,0.1999999938974139,0.2000000122051721,0.2000000122051721,0.7999999755896557,0.7999999506626767,0.8000000488206884,0.8000000986746465
11.46,0.1999999939889527,0.1999999939889527,0.2000000120220945,0.2000000120220945,0.799999975955811,0.7999999514027366,0.800000048088378,0.8000000971945267
11.47,0.1999999940791184,0.1999999940791184,0.2000000118417631,0.2000000118417631,0.7999999763164738,0.7999999521316956,0.8000000473670523,0.8000000957366087
11.48,0.1999999941679317,0.1999999941679317,0.2000000116641366,0.2000000116641366,0.7999999766717267,0.7999999528497201,0.8000000466565464,0.8000000943005596
11.49,0.1999999942554127,0.1999999942554127,0.2000000114891746,0.2000000114891746,0.7999999770216508,0.7999999535569743,0.8000000459566983,0.8000000928860513
11.5,0.1999999943415815,0.1999999943415815,0.2000000113168369,0.2000000113168369,0.7999999773663261,0.7999999542536197,0.8000000452673477,0.8000000914927605
11.51,0.1999999944264578,0.1999999944264578,0.2000000111470844,0.2000000111470844,0.7999999777058312,0.7999999549398153,0.8000000445883375,0.8000000901203692
11.52,0.1999999945100609,0.1999999945100609,0.2000000109798781,0.2000000109798781,0.7999999780402437,0.7999999556157181,0.8000000439195125,0.8000000887685637
11.53,0.19999999459241,0.19999999459241,0.2000000108151799,0.2000000108151799,0.7999999783696401,0.7999999562814823,0.8000000432607197,0.8000000874370352
11.54,0.1999999946735239,0.1999999946735239,0.2000000106529523,0.2000000106529523,0.7999999786940954,0.7999999569372601,0.800000042611809,0.8000000861254797
11.55,0.199999994753421,0.199999994753421,0.200000010493158,0.200000010493158,0.799999979013684,0.7999999575832012,0.8000000419726319,0.8000000848335975
11.56,0.1999999948321197,0.1999999948321197,0.2000000103357606,0.2000000103357606,0.7999999793284788,0.7999999582194531,0.8000000413430424,0.8000000835610936
11.57,0.1999999949096379,0.1999999949096379,0.2000000101807242,0.2000000101807242,0.7999999796385516,0.7999999588461614,0.8000000407228967,0.8000000823076772
11.58,0.1999999949859933,0.1999999949859933,0.2000000100280133,0.2000000100280133,0.7999999799439733,0.7999999594634689,0.8000000401120533,0.8000000810730621
11.59,0.1999999950612034,0.1999999950612034,0.2000000098775931,0.2000000098775931,0.7999999802448137,0.7999999600715169,0.8000000395103726,0.8000000798569662
11.6,0.1999999951352854,0.1999999951352854,0.2000000097294293,0.2000000097294293,0.7999999805411414,0.7999999606704441,0.8000000389177171,0.8000000786591117
11.61,0.1999999952082561,0.1999999952082561,0.2000000095834878,0.2000000095834878,0.7999999808330243,0.7999999612603874,0.8000000383339514,0.8000000774792251
11.62,0.1999999952801322,0.1999999952801322,0.2000000094397355,0.2000000094397355,0.7999999811205289,0.7999999618414816,0.800000037758942,0.8000000763170367
11.63,0.1999999953509302,0.1999999953509302,0.2000000092981395,0.2000000092981395,0.799999981403721,0.7999999624138594,0.800000037192558,0.8000000751722811
11.64,0.1999999954206663,0.1999999954206663,0.2000000091586674,0.2000000091586674,0.7999999816826652,0.7999999629776515,0.8000000366346696,0.8000000740446969
11.65,0.1999999954893563,0.1999999954893563,0.2000000090212874,0.2000000090212874,0.7999999819574252,0.7999999635329867,0.8000000360851496,0.8000000729340264
11.66,0.1999999955570159,0.1999999955570159,0.2000000088859681,0.2000000088859681,0.7999999822280638,0.799999964079992,0.8000000355438723,0.800000071840016
11.67,0.1999999956236607,0.1999999956236607,0.2000000087526785,0.2000000087526785,0.7999999824946429,0.7999999646187921,0.8000000350107142,0.8000000707624157
11.68,0.1999999956893058,0.1999999956893058,0.2000000086213883,0.2000000086213883,0.7999999827572233,0.7999999651495102,0.8000000344855533,0.8000000697009795
11.69,0.1999999957539662,0.1999999957539662,0.2000000084920675,0.2000000084920675,0.7999999830158649,0.7999999656722676,0.80000003396827,0.8000000686554647
11.7,0.1999999958176567,0.1999999958176567,0.2000000083646865,0.2000000083646865,0.7999999832706269,0.7999999661871836,0.800000033458746,0.8000000676256327
11.71,0.1999999958803919,0.1999999958803919,0.2000000082392162,0.2000000082392162,0.7999999835215675,0.7999999666943759,0.8000000329568648,0.8000000666112481
11.72,0.199999995942186,0.199999995942186,0.200000008115628,0.200000008115628,0.799999983768744,0.7999999671939603,0.8000000324625118,0.8000000656120794
11.73,0.1999999960030532,0.1999999960030532,0.2000000079938936,0.2000000079938936,0.7999999840122128,0.7999999676860509,0.8000000319755742,0.8000000646278982
11.74,0.1999999960630074,0.1999999960630074,0.2000000078739851,0.2000000078739851,0.7999999842520297,0.7999999681707601,0.8000000314959406,0.8000000636584796
11.75,0.1999999961220623,0.1999999961220623,0.2000000077558753,0.2000000077558753,0.7999999844882493,0.7999999686481988,0.8000000310235014,0.8000000627036024
11.76,0.1999999961802314,0.1999999961802314,0.2000000076395372,0.2000000076395372,0.7999999847209255,0.7999999691184758,0.8000000305581489,0.8000000617630483
11.77,0.1999999962375279,0.1999999962375279,0.2000000075249442,0.2000000075249442,0.7999999849501116,0.7999999695816987,0.8000000300997767,0.8000000608366025
11.78,0.199999996293965,0.199999996293965,0.20000000741207,0.20000000741207,0.7999999851758599,0.7999999700379733,0.8000000296482801,0.8000000599240533
11.79,0.1999999963495555,0.1999999963495555,0.200000007300889,0.200000007300889,0.799999985398222,0.7999999704874037,0.8000000292035558,0.8000000590251926
11.8,0.1999999964043122,0.1999999964043122,0.2000000071913756,0.2000000071913756,0.7999999856172487,0.7999999709300927,0.8000000287655025,0.8000000581398146
11.81,0.1999999964582475,0.1999999964582475,0.200000007083505,0.200000007083505,0.79999998583299,0.7999999713661413,0.8000000283340198,0.8000000572677173
11.82,0.1999999965113738,0.1999999965113738,0.2000000069772524,0.2000000069772524,0.7999999860454952,0.7999999717956492,0.8000000279090096,0.8000000564087015
11.83,0.1999999965637032,0.1999999965637032,0.2000000068725936,0.2000000068725936,0.7999999862548127,0.7999999722187144,0.8000000274903745,0.800000055562571
11.84,0.1999999966152476,0.1999999966152476,0.2000000067695047,0.2000000067695047,0.7999999864609906,0.7999999726354338,0.8000000270780188,0.8000000547291324
11.85,0.1999999966660189,0.1999999966660189,0.2000000066679621,0.2000000066679621,0.7999999866640757,0.7999999730459023,0.8000000266718486,0.8000000539081953
11.86,0.1999999967160286,0.1999999967160286,0.2000000065679427,0.2000000065679427,0.7999999868641146,0.7999999734502138,0.8000000262717708,0.8000000530995723
11.87,0.1999999967652882,0.1999999967652882,0.2000000064694236,0.2000000064694236,0.7999999870611528,0.7999999738484606,0.8000000258776943,0.8000000523030788
11.88,0.1999999968138089,0.1999999968138089,0.2000000063723822,0.2000000063723822,0.7999999872552356,0.7999999742407337,0.8000000254895288,0.8000000515185326
11.89,0.1999999968616017,0.1999999968616017,0.2000000062767965,0.2000000062767965,0.799999987446407,0.7999999746271227,0.8000000251071859,0.8000000507457545
11.9,0.1999999969086777,0.1999999969086777,0.2000000061826445,0.2000000061826445,0.7999999876347109,0.7999999750077158,0.8000000247305781,0.8000000499845683
11.91,0.1999999969550476,0.1999999969550476,0.2000000060899049,0.2000000060899049,0.7999999878201902,0.7999999753826,0.8000000243596195,0.8000000492347998
11.92,0.1999999970007219,0.1999999970007219,0.2000000059985563,0.2000000059985563,0.7999999880028874,0.799999975751861,0.8000000239942251,0.8000000484962779
11.93,0.199999997045711,0.199999997045711,0.2000000059085779,0.2000000059085779,0.7999999881828441,0.799999976115583,0.8000000236343117,0.8000000477688338
11.94,0.1999999970900254,0.1999999970900254,0.2000000058199493,0.2000000058199493,0.7999999883601014,0.7999999764738494,0.800000023279797,0.8000000470523012
11.95,0.199999997133675,0.199999997133675,0.20000000573265,0.20000000573265,0.7999999885346999,0.7999999768267416,0.8000000229306001,0.8000000463465167
11.96,0.1999999971766699,0.1999999971766699,0.2000000056466603,0.2000000056466603,0.7999999887066794,0.7999999771743405,0.800000022586641,0.800000045651319
11.97,0.1999999972190198,0.1999999972190198,0.2000000055619603,0.2000000055619603,0.7999999888760793,0.7999999775167254,0.8000000222478414,0.8000000449665492
11.98,0.1999999972607345,0.1999999972607345,0.2000000054785309,0.2000000054785309,0.7999999890429381,0.7999999778539745,0.8000000219141237,0.800000044292051
11.99,0.1999999973018235,0.1999999973018235,0.2000000053963529,0.2000000053963529,0.7999999892072941,0.7999999781861649,0.8000000215854117,0.8000000436276702
12,0.1999999973422962,0.1999999973422962,0.2000000053154076,0.2000000053154076,0.7999999893691847,0.7999999785133723,0.8000000212616305,0.8000000429732552
12.01,0.1999999973821617,0.1999999973821617,0.2000000052356765,0.2000000052356765,0.7999999895286469,0.7999999788356718,0.8000000209427061,0.8000000423286564
12.02,0.1999999974214293,0.1999999974214293,0.2000000051571414,0.2000000051571414,0.7999999896857172,0.7999999791531367,0.8000000206285656,0.8000000416937265
12.03,0.1999999974601079,0.1999999974601079,0.2000000050797843,0.2000000050797843,0.7999999898404314,0.7999999794658397,0.8000000203191371,0.8000000410683206
12.04,0.1999999974982062,0.1999999974982062,0.2000000050035875,0.2000000050035875,0.799999989992825,0.7999999797738521,0.80000002001435,0.8000000404522958
12.05,0.1999999975357331,0.1999999975357331,0.2000000049285337,0.2000000049285337,0.7999999901429325,0.7999999800772443,0.8000000197141348,0.8000000398455114
12.06,0.1999999975726972,0.1999999975726972,0.2000000048546057,0.2000000048546057,0.7999999902907886,0.7999999803760856,0.8000000194184227,0.8000000392478288
12.07,0.1999999976091067,0.1999999976091067,0.2000000047817866,0.2000000047817866,0.7999999904364268,0.7999999806704443,0.8000000191271464,0.8000000386591113
12.08,0.1999999976449701,0.1999999976449701,0.2000000047100598,0.2000000047100598,0.7999999905798804,0.7999999809603876,0.8000000188402392,0.8000000380792247
12.09,0.1999999976802955,0.1999999976802955,0.2000000046394089,0.2000000046394089,0.7999999907211821,0.7999999812459818,0.8000000185576357,0.8000000375080363
12.1,0.1999999977150911,0.1999999977150911,0.2000000045698178,0.2000000045698178,0.7999999908603643,0.7999999815272921,0.8000000182792713,0.8000000369454157
12.11,0.1999999977493647,0.1999999977493647,0.2000000045012705,0.2000000045012705,0.7999999909974589,0.7999999818043827,0.8000000180050821,0.8000000363912345
12.12,0.1999999977831242,0.1999999977831242,0.2000000044337515,0.2000000044337515,0.799999991132497,0.7999999820773169,0.800000017735006,0.8000000358453661
12.13,0.1999999978163774,0.1999999978163774,0.2000000043672452,0.2000000043672452,0.7999999912655095,0.7999999823461572,0.800000017468981,0.8000000353076855
12.14,0.1999999978491317,0.1999999978491317,0.2000000043017366,0.2000000043017366,0.7999999913965268,0.7999999826109648,0.8000000172069464,0.8000000347780702
12.15,0.1999999978813947,0.1999999978813947,0.2000000042372105,0.2000000042372105,0.7999999915255789,0.7999999828718004,0.8000000169488422,0.8000000342563991
12.16,0.1999999979131738,0.1999999979131738,0.2000000041736524,0.2000000041736524,0.7999999916526952,0.7999999831287234,0.8000000166946095,0.800000033742553
12.17,0.1999999979444762,0.1999999979444762,0.2000000041110476,0.2000000041110476,0.7999999917779048,0.7999999833817926,0.8000000164441903,0.8000000332364148
12.18,0.1999999979753091,0.1999999979753091,0.2000000040493818,0.2000000040493818,0.7999999919012363,0.7999999836310657,0.8000000161975274,0.8000000327378685
12.19,0.1999999980056794,0.1999999980056794,0.2000000039886411,0.2000000039886411,0.7999999920227178,0.7999999838765998,0.8000000159545644,0.8000000322468004
12.2,0.1999999980355943,0.1999999980355943,0.2000000039288115,0.2000000039288115,0.799999992142377,0.7999999841184507,0.8000000157152458,0.8000000317630984
12.21,0.1999999980650604,0.1999999980650604,0.2000000038698793,0.2000000038698793,0.7999999922602414,0.799999984356674,0.800000015479517,0.800000031286652
12.22,0.1999999980940844,0.1999999980940844,0.2000000038118311,0.2000000038118311,0.7999999923763378,0.7999999845913238,0.8000000152473243,0.8000000308173523
12.23,0.1999999981226732,0.1999999981226732,0.2000000037546536,0.2000000037546536,0.7999999924906928,0.7999999848224539,0.8000000150186144,0.800000030355092
12.24,0.1999999981508331,0.1999999981508331,0.2000000036983338,0.2000000036983338,0.7999999926033323,0.7999999850501172,0.8000000147933353,0.8000000298997656
12.25,0.1999999981785706,0.1999999981785706,0.2000000036428588,0.2000000036428588,0.7999999927142823,0.7999999852743654,0.8000000145714352,0.800000029451269
12.26,0.199999998205892,0.199999998205892,0.2000000035882159,0.2000000035882159,0.7999999928235682,0.79999998549525,0.8000000143528636,0.8000000290095
12.27,0.1999999982328036,0.1999999982328036,0.2000000035343927,0.2000000035343927,0.7999999929312146,0.7999999857128213,0.8000000141375707,0.8000000285743574
12.28,0.1999999982593116,0.1999999982593116,0.2000000034813768,0.2000000034813768,0.7999999930372463,0.799999985927129,0.8000000139255072,0.800000028145742
12.29,0.1999999982854219,0.1999999982854219,0.2000000034291561,0.2000000034291561,0.7999999931416877,0.799999986138222,0.8000000137166245,0.8000000277235559
12.3,0.1999999983111406,0.1999999983111406,0.2000000033777188,0.2000000033777188,0.7999999932445624,0.7999999863461487,0.8000000135108751,0.8000000273077026
12.31,0.1999999983364735,0.1999999983364735,0.200000003327053,0.200000003327053,0.799999993345894,0.7999999865509564,0.8000000133082119,0.8000000268980871
12.32,0.1999999983614264,0.1999999983614264,0.2000000032771472,0.2000000032771472,0.7999999934457056,0.799999986752692,0.8000000131085887,0.8000000264946159
12.33,0.199999998386005,0.199999998386005,0.2000000032279899,0.2000000032279899,0.7999999935440201,0.7999999869514016,0.8000000129119598,0.8000000260971967
12.34,0.1999999984102149,0.1999999984102149,0.2000000031795701,0.2000000031795701,0.7999999936408597,0.7999999871471306,0.8000000127182805,0.8000000257057387
12.35,0.1999999984340617,0.1999999984340617,0.2000000031318765,0.2000000031318765,0.7999999937362469,0.7999999873399236,0.8000000125275062,0.8000000253201527
12.36,0.1999999984575508,0.1999999984575508,0.2000000030848984,0.2000000030848984,0.7999999938302031,0.7999999875298247,0.8000000123395936,0.8000000249403505
12.37,0.1999999984806875,0.1999999984806875,0.2000000030386249,0.2000000030386249,0.7999999939227501,0.7999999877168773,0.8000000121544997,0.8000000245662453
12.38,0.1999999985034772,0.1999999985034772,0.2000000029930455,0.2000000029930455,0.7999999940139089,0.7999999879011241,0.8000000119721822,0.8000000241977516
12.39,0.1999999985259251,0.1999999985259251,0.2000000029481498,0.2000000029481498,0.7999999941037003,0.7999999880826073,0.8000000117925994,0.8000000238347853
12.4,0.1999999985480362,0.1999999985480362,0.2000000029039276,0.2000000029039276,0.7999999941921447,0.7999999882613682,0.8000000116157104,0.8000000234772635
12.41,0.1999999985698157,0.1999999985698157,0.2000000028603687,0.2000000028603687,0.7999999942792626,0.7999999884374477,0.8000000114414747,0.8000000231251045
12.42,0.1999999985912684,0.1999999985912684,0.2000000028174632,0.2000000028174632,0.7999999943650736,0.7999999886108859,0.8000000112698527,0.800000022778228
12.43,0.1999999986123994,0.1999999986123994,0.2000000027752012,0.2000000027752012,0.7999999944495976,0.7999999887817226,0.8000000111008048,0.8000000224365547
12.44,0.1999999986332134,0.1999999986332134,0.2000000027335732,0.2000000027335732,0.7999999945328536,0.7999999889499968,0.8000000109342926,0.8000000221000063
12.45,0.1999999986537152,0.1999999986537152,0.2000000026925696,0.2000000026925696,0.7999999946148608,0.7999999891157469,0.8000000107702783,0.8000000217685062
12.46,0.1999999986739095,0.1999999986739095,0.200000002652181,0.200000002652181,0.7999999946956379,0.7999999892790107,0.8000000106087242,0.8000000214419785
12.47,0.1999999986938008,0.1999999986938008,0.2000000026123983,0.2000000026123983,0.7999999947752033,0.7999999894398255,0.8000000104495932,0.8000000211203488
12.48,0.1999999987133938,0.1999999987133938,0.2000000025732123,0.2000000025732123,0.7999999948535753,0.7999999895982282,0.8000000102928493,0.8000000208035436
12.49,0.1999999987326929,0.1999999987326929,0.2000000025346141,0.2000000025346141,0.7999999949307717,0.7999999897542547,0.8000000101384566,0.8000000204914905
12.5,0.1999999987517025,0.1999999987517025,0.2000000024965949,0.2000000024965949,0.7999999950068101,0.7999999899079409,0.8000000099863798,0.8000000201841182
12.51,0.199999998770427,0.199999998770427,0.200000002459146,0.200000002459146,0.7999999950817079,0.7999999900593218,0.800000009836584,0.8000000198813564
12.52,0.1999999987888706,0.1999999987888706,0.2000000024222588,0.2000000024222588,0.7999999951554824,0.7999999902084319,0.8000000096890352,0.800000019583136
12.53,0.1999999988070375,0.1999999988070375,0.2000000023859249,0.2000000023859249,0.7999999952281501,0.7999999903553054,0.8000000095436997,0.800000019289389
12.54,0.199999998824932,0.199999998824932,0.200000002350136,0.200000002350136,0.7999999952997279,0.7999999904999758,0.8000000094005442,0.8000000190000482
12.55,0.199999998842558,0.199999998842558,0.200000002314884,0.200000002314884,0.7999999953702319,0.7999999906424762,0.8000000092595361,0.8000000187150476
12.56,0.1999999988599196,0.1999999988599196,0.2000000022801607,0.2000000022801607,0.7999999954396785,0.799999990782839,0.800000009120643,0.8000000184343219
12.57,0.1999999988770208,0.1999999988770208,0.2000000022459583,0.2000000022459583,0.7999999955080833,0.7999999909210964,0.8000000089838333,0.8000000181578071
12.58,0.1999999988938655,0.1999999988938655,0.2000000022122689,0.2000000022122689,0.7999999955754621,0.7999999910572799,0.8000000088490757,0.8000000178854401
12.59,0.1999999989104575,0.1999999989104575,0.2000000021790849,0.2000000021790849,0.7999999956418301,0.7999999911914207,0.8000000087163397,0.8000000176171584
12.6,0.1999999989268007,0.1999999989268007,0.2000000021463986,0.2000000021463986,0.7999999957072027,0.7999999913235494,0.8000000085855945,0.8000000173529012
12.61,0.1999999989428987,0.1999999989428987,0.2000000021142027,0.2000000021142027,0.7999999957715946,0.7999999914536962,0.8000000084568106,0.8000000170926076
12.62,0.1999999989587552,0.1999999989587552,0.2000000020824896,0.2000000020824896,0.7999999958350207,0.7999999915818907,0.8000000083299585,0.8000000168362185
12.63,0.1999999989743738,0.1999999989743738,0.2000000020512523,0.2000000020512523,0.7999999958974954,0.7999999917081624,0.8000000082050092,0.8000000165836751
12.64,0.1999999989897582,0.1999999989897582,0.2000000020204835,0.2000000020204835,0.7999999959590329,0.79999999183254,0.8000000080819341,0.8000000163349199
12.65,0.1999999990049119,0.1999999990049119,0.2000000019901763,0.2000000019901763,0.7999999960196474,0.7999999919550519,0.800000007960705,0.8000000160898961
12.66,0.1999999990198382,0.1999999990198382,0.2000000019603236,0.2000000019603236,0.7999999960793527,0.7999999920757261,0.8000000078412945,0.8000000158485476
12.67,0.1999999990345406,0.1999999990345406,0.2000000019309188,0.2000000019309188,0.7999999961381624,0.7999999921945903,0.8000000077236751,0.8000000156108193
12.68,0.1999999990490225,0.1999999990490225,0.200000001901955,0.200000001901955,0.79999999619609,0.7999999923116714,0.80000000760782,0.8000000153766571
12.69,0.1999999990632872,0.1999999990632872,0.2000000018734256,0.2000000018734256,0.7999999962531487,0.7999999924269964,0.8000000074937026,0.8000000151460072
12.7,0.1999999990773379,0.1999999990773379,0.2000000018453242,0.2000000018453242,0.7999999963093515,0.7999999925405914,0.800000007381297,0.8000000149188171
12.71,0.1999999990911778,0.1999999990911778,0.2000000018176444,0.2000000018176444,0.7999999963647112,0.7999999926524826,0.8000000072705775,0.8000000146950348
12.72,0.1999999991048101,0.1999999991048101,0.2000000017903797,0.2000000017903797,0.7999999964192406,0.7999999927626953,0.8000000071615188,0.8000000144746093
12.73,0.199999999118238,0.199999999118238,0.200000001763524,0.200000001763524,0.7999999964729519,0.7999999928712549,0.800000007054096,0.8000000142574901
12.74,0.1999999991314644,0.1999999991314644,0.2000000017370712,0.2000000017370712,0.7999999965258576,0.799999992978186,0.8000000069482847,0.8000000140436279
12.75,0.1999999991444924,0.1999999991444924,0.2000000017110151,0.2000000017110151,0.7999999965779697,0.7999999930835132,0.8000000068440605,0.8000000138329735
12.76,0.1999999991573251,0.1999999991573251,0.2000000016853499,0.2000000016853499,0.7999999966293002,0.7999999931872606,0.8000000067413995,0.8000000136254788
12.77,0.1999999991699652,0.1999999991699652,0.2000000016600696,0.2000000016600696,0.7999999966798607,0.7999999932894517,0.8000000066402786,0.8000000134210965
12.78,0.1999999991824157,0.1999999991824157,0.2000000016351686,0.2000000016351686,0.7999999967296627,0.79999999339011,0.8000000065406745,0.80000001321978
12.79,0.1999999991946795,0.1999999991946795,0.2000000016106411,0.2000000016106411,0.7999999967787178,0.7999999934892583,0.8000000064425643,0.8000000130214833
12.8,0.1999999992067593,0.1999999992067593,0.2000000015864815,0.2000000015864815,0.799999996827037,0.7999999935869194,0.8000000063459258,0.8000000128261611
12.81,0.1999999992186579,0.1999999992186579,0.2000000015626842,0.2000000015626842,0.7999999968746315,0.7999999936831156,0.8000000062507369,0.8000000126337687
12.82,0.199999999230378,0.199999999230378,0.200000001539244,0.200000001539244,0.799999996921512,0.7999999937778689,0.8000000061569759,0.8000000124442621
12.83,0.1999999992419223,0.1999999992419223,0.2000000015161553,0.2000000015161553,0.7999999969676893,0.7999999938712009,0.8000000060646213,0.8000000122575981
12.84,0.1999999992532935,0.1999999992532935,0.200000001493413,0.200000001493413,0.7999999970131739,0.7999999939631329,0.8000000059736521,0.8000000120737341
12.85,0.1999999992644941,0.1999999992644941,0.2000000014710118,0.2000000014710118,0.7999999970579763,0.7999999940536859,0.8000000058840473,0.800000011892628
12.86,0.1999999992755267,0.1999999992755267,0.2000000014489466,0.2000000014489466,0.7999999971021067,0.7999999941428807,0.8000000057957866,0.8000000117142385
12.87,0.1999999992863938,0.1999999992863938,0.2000000014272124,0.2000000014272124,0.7999999971455751,0.7999999942307375,0.8000000057088497,0.8000000115385248
12.88,0.1999999992970979,0.1999999992970979,0.2000000014058042,0.2000000014058042,0.7999999971883915,0.7999999943172764,0.8000000056232168,0.8000000113654471
12.89,0.1999999993076414,0.1999999993076414,0.2000000013847171,0.2000000013847171,0.7999999972305657,0.7999999944025172,0.8000000055388685,0.8000000111949654
12.9,0.1999999993180268,0.1999999993180268,0.2000000013639464,0.2000000013639464,0.7999999972721072,0.7999999944864795,0.8000000054557854,0.8000000110270409
12.91,0.1999999993282564,0.1999999993282564,0.2000000013434872,0.2000000013434872,0.7999999973130256,0.7999999945691824,0.8000000053739487,0.8000000108616352
12.92,0.1999999993383326,0.1999999993383326,0.2000000013233348,0.2000000013233348,0.7999999973533303,0.7999999946506446,0.8000000052933394,0.8000000106987106
12.93,0.1999999993482576,0.1999999993482576,0.2000000013034848,0.2000000013034848,0.7999999973930303,0.799999994730885,0.8000000052139393,0.8000000105382299
12.94,0.1999999993580337,0.1999999993580337,0.2000000012839326,0.2000000012839326,0.7999999974321348,0.7999999948099218,0.8000000051357303,0.8000000103801563
12.95,0.1999999993676632,0.1999999993676632,0.2000000012646736,0.2000000012646736,0.7999999974706528,0.799999994887773,0.8000000050586944,0.800000010224454
12.96,0.1999999993771482,0.1999999993771482,0.2000000012457035,0.2000000012457035,0.799999997508593,0.7999999949644564,0.800000004982814,0.8000000100710871
12.97,0.199999999386491,0.199999999386491,0.2000000012270179,0.2000000012270179,0.7999999975459641,0.7999999950399895,0.8000000049080718,0.8000000099200208
12.98,0.1999999993956937,0.1999999993956937,0.2000000012086127,0.2000000012086127,0.7999999975827746,0.7999999951143897,0.8000000048344507,0.8000000097712205
12.99,0.1999999994047582,0.1999999994047582,0.2000000011904835,0.2000000011904835,0.799999997619033,0.7999999951876738,0.800000004761934,0.8000000096246522
13,0.1999999994136869,0.1999999994136869,0.2000000011726262,0.2000000011726262,0.7999999976547475,0.7999999952598588,0.8000000046905049,0.8000000094802824
13.01,0.1999999994224816,0.1999999994224816,0.2000000011550369,0.2000000011550369,0.7999999976899262,0.7999999953309609,0.8000000046201474,0.8000000093380781
13.02,0.1999999994311443,0.1999999994311443,0.2000000011377113,0.2000000011377113,0.7999999977245773,0.7999999954009964,0.8000000045508453,0.8000000091980071
13.03,0.1999999994396772,0.1999999994396772,0.2000000011206456,0.2000000011206456,0.7999999977587087,0.7999999954699815,0.8000000044825826,0.800000009060037
13.04,0.199999999448082,0.199999999448082,0.200000001103836,0.200000001103836,0.799999997792328,0.7999999955379318,0.8000000044153439,0.8000000089241364
13.05,0.1999999994563608,0.1999999994563608,0.2000000010872784,0.2000000010872784,0.7999999978254431,0.7999999956048628,0.8000000043491138,0.8000000087902743
13.06,0.1999999994645154,0.1999999994645154,0.2000000010709693,0.2000000010709693,0.7999999978580614,0.7999999956707898,0.8000000042838771,0.8000000086584202
13.07,0.1999999994725476,0.1999999994725476,0.2000000010549047,0.2000000010549047,0.7999999978901905,0.799999995735728,0.8000000042196189,0.8000000085285439
13.08,0.1999999994804594,0.1999999994804594,0.2000000010390812,0.2000000010390812,0.7999999979218376,0.7999999957996921,0.8000000041563247,0.8000000084006158
13.09,0.1999999994882525,0.1999999994882525,0.200000001023495,0.200000001023495,0.79999999795301,0.7999999958626967,0.8000000040939799,0.8000000082746066
13.1,0.1999999994959287,0.1999999994959287,0.2000000010081425,0.2000000010081425,0.7999999979837149,0.7999999959247562,0.8000000040325701,0.8000000081504874
13.11,0.1999999995034898,0.1999999995034898,0.2000000009930204,0.2000000009930204,0.7999999980139592,0.7999999959858849,0.8000000039720816,0.8000000080282301
13.12,0.1999999995109374,0.1999999995109374,0.2000000009781251,0.2000000009781251,0.7999999980437498,0.7999999960460966,0.8000000039125004,0.8000000079078067
13.13,0.1999999995182734,0.1999999995182734,0.2000000009634532,0.2000000009634532,0.7999999980730935,0.7999999961054052,0.8000000038538129,0.8000000077891896
13.14,0.1999999995254993,0.1999999995254993,0.2000000009490014,0.2000000009490014,0.7999999981019971,0.7999999961638241,0.8000000037960058,0.8000000076723517
13.15,0.1999999995326168,0.1999999995326168,0.2000000009347664,0.2000000009347664,0.7999999981304671,0.7999999962213667,0.8000000037390658,0.8000000075572664
13.16,0.1999999995396275,0.1999999995396275,0.2000000009207449,0.2000000009207449,0.7999999981585101,0.7999999962780463,0.8000000036829797,0.8000000074439073
13.17,0.1999999995465331,0.1999999995465331,0.2000000009069338,0.2000000009069338,0.7999999981861324,0.7999999963338756,0.800000003627735,0.8000000073322486
13.18,0.1999999995533351,0.1999999995533351,0.2000000008933298,0.2000000008933298,0.7999999982133404,0.7999999963888675,0.800000003573319,0.8000000072222648
13.19,0.1999999995600351,0.1999999995600351,0.2000000008799298,0.2000000008799298,0.7999999982401403,0.7999999964430345,0.8000000035197192,0.8000000071139308
13.2,0.1999999995666346,0.1999999995666346,0.2000000008667309,0.2000000008667309,0.7999999982665382,0.799999996496389,0.8000000034669235,0.800000007007222
13.21,0.1999999995731351,0.1999999995731351,0.2000000008537299,0.2000000008537299,0.7999999982925402,0.7999999965489432,0.8000000034149195,0.8000000069021136
13.22,0.199999999579538,0.199999999579538,0.200000000840924,0.200000000840924,0.7999999983181521,0.799999996600709,0.8000000033636958,0.800000006798582
13.23,0.1999999995858449,0.1999999995858449,0.2000000008283101,0.2000000008283101,0.7999999983433798,0.7999999966516983,0.8000000033132404,0.8000000066966033
13.24,0.1999999995920573,0.1999999995920573,0.2000000008158854,0.2000000008158854,0.7999999983682291,0.7999999967019228,0.8000000032635417,0.8000000065961543
13.25,0.1999999995981764,0.1999999995981764,0.2000000008036472,0.2000000008036472,0.7999999983927056,0.799999996751394,0.8000000032145886,0.8000000064972119
13.26,0.1999999996042038,0.1999999996042038,0.2000000007915925,0.2000000007915925,0.799999998416815,0.7999999968001231,0.8000000031663699,0.8000000063997537
13.27,0.1999999996101407,0.1999999996101407,0.2000000007797186,0.2000000007797186,0.7999999984405628,0.7999999968481213,0.8000000031188743,0.8000000063037573
13.28,0.1999999996159886,0.1999999996159886,0.2000000007680228,0.2000000007680228,0.7999999984639543,0.7999999968953995,0.8000000030720913,0.800000006209201
13.29,0.1999999996217487,0.1999999996217487,0.2000000007565025,0.2000000007565025,0.799999998486995,0.7999999969419684,0.8000000030260099,0.800000006116063
13.3,0.1999999996274225,0.1999999996274225,0.2000000007451549,0.2000000007451549,0.7999999985096901,0.7999999969878389,0.8000000029806198,0.8000000060243222
13.31,0.1999999996330112,0.1999999996330112,0.2000000007339776,0.2000000007339776,0.7999999985320447,0.7999999970330213,0.8000000029359104,0.8000000059339574
13.32,0.199999999638516,0.199999999638516,0.200000000722968,0.200000000722968,0.799999998554064,0.799999997077526,0.8000000028918719,0.8000000058449479
13.33,0.1999999996439383,0.1999999996439383,0.2000000007121234,0.2000000007121234,0.7999999985757531,0.7999999971213632,0.8000000028484937,0.8000000057572736
13.34,0.1999999996492792,0.1999999996492792,0.2000000007014416,0.2000000007014416,0.7999999985971168,0.7999999971645427,0.8000000028057663,0.8000000056709144
13.35,0.19999999965454,0.19999999965454,0.2000000006909199,0.2000000006909199,0.7999999986181601,0.7999999972070746,0.8000000027636798,0.8000000055858507
13.36,0.1999999996597219,0.1999999996597219,0.2000000006805561,0.2000000006805561,0.7999999986388877,0.7999999972489685,0.8000000027222245,0.8000000055020628
13.37,0.1999999996648261,0.1999999996648261,0.2000000006703478,0.2000000006703478,0.7999999986593044,0.799999997290234,0.8000000026813912,0.800000005419532
13.38,0.1999999996698537,0.1999999996698537,0.2000000006602926,0.2000000006602926,0.7999999986794148,0.7999999973308805,0.8000000026411702,0.800000005338239
13.39,0.1999999996748059,0.1999999996748059,0.2000000006503881,0.2000000006503881,0.7999999986992237,0.7999999973709172,0.8000000026015526,0.8000000052581655
13.4,0.1999999996796838,0.1999999996796838,0.2000000006406323,0.2000000006406323,0.7999999987187353,0.7999999974103534,0.8000000025625293,0.800000005179293
13.41,0.1999999996844886,0.1999999996844886,0.2000000006310229,0.2000000006310229,0.7999999987379542,0.7999999974491981,0.8000000025240914,0.8000000051016036
13.42,0.1999999996892212,0.1999999996892212,0.2000000006215575,0.2000000006215575,0.7999999987568849,0.7999999974874602,0.8000000024862302,0.8000000050250795
13.43,0.1999999996938829,0.1999999996938829,0.2000000006122342,0.2000000006122342,0.7999999987755316,0.7999999975251483,0.8000000024489367,0.8000000049497034
13.44,0.1999999996984747,0.1999999996984747,0.2000000006030507,0.2000000006030507,0.7999999987938986,0.799999997562271,0.8000000024122027,0.8000000048754579
13.45,0.1999999997029975,0.1999999997029975,0.2000000005940049,0.2000000005940049,0.7999999988119901,0.799999997598837,0.8000000023760196,0.8000000048023259
13.46,0.1999999997074526,0.1999999997074526,0.2000000005850948,0.2000000005850948,0.7999999988298103,0.7999999976348544,0.8000000023403793,0.8000000047302911
13.47,0.1999999997118408,0.1999999997118408,0.2000000005763184,0.2000000005763184,0.7999999988473632,0.7999999976703316,0.8000000023052736,0.8000000046593367
13.48,0.1999999997161632,0.1999999997161632,0.2000000005676736,0.2000000005676736,0.7999999988646527,0.7999999977052766,0.8000000022706946,0.8000000045894466
13.49,0.1999999997204207,0.1999999997204207,0.2000000005591586,0.2000000005591586,0.7999999988816828,0.7999999977396974,0.8000000022366343,0.800000004520605
13.5,0.1999999997246144,0.1999999997246144,0.2000000005507712,0.2000000005507712,0.7999999988984576,0.799999997773602,0.8000000022030846,0.800000004452796
13.51,0.1999999997287452,0.1999999997287452,0.2000000005425096,0.2000000005425096,0.7999999989149807,0.7999999978069979,0.8000000021700384,0.800000004386004
13.52,0.199999999732814,0.199999999732814,0.2000000005343719,0.2000000005343719,0.7999999989312561,0.799999997839893,0.8000000021374878,0.800000004320214
13.53,0.1999999997368218,0.1999999997368218,0.2000000005263564,0.2000000005263564,0.7999999989472872,0.7999999978722946,0.8000000021054254,0.8000000042554107
13.54,0.1999999997407695,0.1999999997407695,0.200000000518461,0.200000000518461,0.7999999989630779,0.7999999979042102,0.800000002073844,0.8000000041915796
13.55,0.1999999997446579,0.1999999997446579,0.2000000005106841,0.2000000005106841,0.7999999989786317,0.799999997935647,0.8000000020427365,0.8000000041287059
13.56,0.1999999997484881,0.1999999997484881,0.2000000005030239,0.2000000005030239,0.7999999989939522,0.7999999979666124,0.8000000020120954,0.8000000040667752
13.57,0.1999999997522607,0.1999999997522607,0.2000000004954785,0.2000000004954785,0.799999999009043,0.7999999979971132,0.800000001981914,0.8000000040057735
13.58,0.1999999997559768,0.1999999997559768,0.2000000004880463,0.2000000004880463,0.7999999990239073,0.7999999980271565,0.8000000019521853,0.8000000039456869
13.59,0.1999999997596372,0.1999999997596372,0.2000000004807256,0.2000000004807256,0.7999999990385487,0.7999999980567492,0.8000000019229025,0.8000000038865016
13.6,0.1999999997632426,0.1999999997632426,0.2000000004735147,0.2000000004735147,0.7999999990529705,0.7999999980858979,0.800000001894059,0.800000003828204
13.61,0.199999999766794,0.199999999766794,0.200000000466412,0.200000000466412,0.7999999990671759,0.7999999981146094,0.8000000018656481,0.8000000037707811
13.62,0.1999999997702921,0.1999999997702921,0.2000000004594158,0.2000000004594158,0.7999999990811683,0.7999999981428902,0.8000000018376634,0.8000000037142194
13.63,0.1999999997737377,0.1999999997737377,0.2000000004525246,0.2000000004525246,0.7999999990949508,0.7999999981707469,0.8000000018100983,0.8000000036585062
13.64,0.1999999997771316,0.1999999997771316,0.2000000004457367,0.2000000004457367,0.7999999991085265,0.7999999981981857,0.8000000017829469,0.8000000036036286
13.65,0.1999999997804746,0.1999999997804746,0.2000000004390507,0.2000000004390507,0.7999999991218986,0.7999999982252129,0.8000000017562028,0.800000003549574
13.66,0.1999999997837675,0.1999999997837675,0.2000000004324649,0.2000000004324649,0.7999999991350701,0.7999999982518348,0.8000000017298596,0.8000000034963304
13.67,0.199999999787011,0.199999999787011,0.2000000004259779,0.2000000004259779,0.7999999991480441,0.7999999982780572,0.8000000017039117,0.8000000034438854
13.68,0.1999999997902059,0.1999999997902059,0.2000000004195883,0.2000000004195883,0.7999999991608234,0.7999999983038864,0.8000000016783531,0.8000000033922272
13.69,0.1999999997933528,0.1999999997933528,0.2000000004132945,0.2000000004132945,0.799999999173411,0.799999998329328,0.8000000016531779,0.8000000033413439
13.7,0.1999999997964525,0.1999999997964525,0.200000000407095,0.200000000407095,0.7999999991858099,0.7999999983543881,0.8000000016283801,0.8000000032912238
13.71,0.1999999997995057,0.1999999997995057,0.2000000004009886,0.2000000004009886,0.7999999991980228,0.7999999983790722,0.8000000016039543,0.8000000032418555
13.72,0.1999999998025131,0.1999999998025131,0.2000000003949737,0.2000000003949737,0.7999999992100525,0.7999999984033861,0.8000000015798949,0.8000000031932277
13.73,0.1999999998054754,0.1999999998054754,0.2000000003890491,0.2000000003890491,0.7999999992219017,0.7999999984273353,0.8000000015561965,0.8000000031453294
13.74,0.1999999998083933,0.1999999998083933,0.2000000003832134,0.2000000003832134,0.7999999992335731,0.7999999984509253,0.8000000015328537,0.8000000030981493
13.75,0.1999999998112674,0.1999999998112674,0.2000000003774652,0.2000000003774652,0.7999999992450695,0.7999999984741614,0.8000000015098609,0.8000000030516772
13.76,0.1999999998140984,0.1999999998140984,0.2000000003718033,0.2000000003718033,0.7999999992563934,0.7999999984970489,0.8000000014872131,0.800000003005902
13.77,0.1999999998168869,0.1999999998168869,0.2000000003662262,0.2000000003662262,0.7999999992675475,0.7999999985195932,0.8000000014649049,0.8000000029608134
13.78,0.1999999998196336,0.1999999998196336,0.2000000003607328,0.2000000003607328,0.7999999992785343,0.7999999985417994,0.8000000014429314,0.8000000029164012
13.79,0.1999999998223391,0.1999999998223391,0.2000000003553218,0.2000000003553218,0.7999999992893563,0.7999999985636724,0.8000000014212874,0.800000002872655
13.8,0.199999999825004,0.199999999825004,0.200000000349992,0.200000000349992,0.799999999300016,0.7999999985852173,0.800000001399968,0.8000000028295653
13.81,0.1999999998276289,0.1999999998276289,0.2000000003447421,0.2000000003447421,0.7999999993105157,0.799999998606439,0.8000000013789685,0.8000000027871219
13.82,0.1999999998302145,0.1999999998302145,0.200000000339571,0.200000000339571,0.799999999320858,0.7999999986273424,0.800000001358284,0.8000000027453151
13.83,0.1999999998327613,0.1999999998327613,0.2000000003344774,0.2000000003344774,0.7999999993310452,0.7999999986479323,0.8000000013379096,0.8000000027041354
13.84,0.1999999998352699,0.1999999998352699,0.2000000003294602,0.2000000003294602,0.7999999993410795,0.7999999986682133,0.800000001317841,0.8000000026635734
13.85,0.1999999998377408,0.1999999998377408,0.2000000003245184,0.2000000003245184,0.7999999993509632,0.7999999986881901,0.8000000012980735,0.8000000026236198
13.86,0.1999999998401747,0.1999999998401747,0.2000000003196506,0.2000000003196506,0.7999999993606988,0.7999999987078672,0.8000000012786024,0.8000000025842655
13.87,0.1999999998425721,0.1999999998425721,0.2000000003148558,0.2000000003148558,0.7999999993702883,0.7999999987272491,0.8000000012594233,0.8000000025455016
13.88,0.1999999998449335,0.1999999998449335,0.200000000310133,0.200000000310133,0.799999999379734,0.7999999987463404,0.8000000012405319,0.8000000025073191
13.89,0.1999999998472595,0.1999999998472595,0.200000000305481,0.200000000305481,0.799999999389038,0.7999999987651453,0.8000000012219239,0.8000000024697094
13.9,0.1999999998495506,0.1999999998495506,0.2000000003008988,0.2000000003008988,0.7999999993982024,0.7999999987836681,0.800000001203595,0.8000000024326637
13.91,0.1999999998518074,0.1999999998518074,0.2000000002963853,0.2000000002963853,0.7999999994072294,0.7999999988019131,0.800000001185541,0.8000000023961737
13.92,0.1999999998540302,0.1999999998540302,0.2000000002919395,0.2000000002919395,0.799999999416121,0.7999999988198844,0.8000000011677579,0.8000000023602312
13.93,0.1999999998562198,0.1999999998562198,0.2000000002875604,0.2000000002875604,0.7999999994248792,0.7999999988375861,0.8000000011502415,0.8000000023248277
13.94,0.1999999998583765,0.1999999998583765,0.200000000283247,0.200000000283247,0.799999999433506,0.7999999988550223,0.800000001132988,0.8000000022899554
13.95,0.1999999998605008,0.1999999998605008,0.2000000002789983,0.2000000002789983,0.7999999994420034,0.799999998872197,0.8000000011159931,0.800000002255606
13.96,0.1999999998625933,0.1999999998625933,0.2000000002748133,0.2000000002748133,0.7999999994503734,0.799999998889114,0.8000000010992532,0.8000000022217719
13.97,0.1999999998646544,0.1999999998646544,0.2000000002706911,0.2000000002706911,0.7999999994586178,0.7999999989057773,0.8000000010827644,0.8000000021884452
13.98,0.1999999998666846,0.1999999998666846,0.2000000002666307,0.2000000002666307,0.7999999994667385,0.7999999989221906,0.8000000010665229,0.8000000021556186
13.99,0.1999999998686844,0.1999999998686844,0.2000000002626313,0.2000000002626313,0.7999999994747374,0.7999999989383578,0.800000001050525,0.8000000021232843
14,0.1999999998706541,0.1999999998706541,0.2000000002586918,0.2000000002586918,0.7999999994826164,0.7999999989542824,0.8000000010347672,0.8000000020914351
14.01,0.1999999998725943,0.1999999998725943,0.2000000002548114,0.2000000002548114,0.7999999994903771,0.7999999989699682,0.8000000010192456,0.8000000020600635
14.02,0.1999999998745054,0.1999999998745054,0.2000000002509892,0.2000000002509892,0.7999999994980215,0.7999999989854187,0.800000001003957,0.8000000020291624
14.03,0.1999999998763878,0.1999999998763878,0.2000000002472244,0.2000000002472244,0.7999999995055511,0.7999999990006375,0.8000000009888977,0.800000001998725
14.04,0.199999999878242,0.199999999878242,0.2000000002435161,0.2000000002435161,0.7999999995129679,0.7999999990156279,0.8000000009740642,0.8000000019687441
14.05,0.1999999998800683,0.1999999998800683,0.2000000002398633,0.2000000002398633,0.7999999995202733,0.7999999990303935,0.8000000009594532,0.8000000019392128
14.06,0.1999999998818673,0.1999999998818673,0.2000000002362654,0.2000000002362654,0.7999999995274693,0.7999999990449377,0.8000000009450614,0.8000000019101245
14.07,0.1999999998836393,0.1999999998836393,0.2000000002327214,0.2000000002327214,0.7999999995345572,0.7999999990592637,0.8000000009308854,0.8000000018814726
14.08,0.1999999998853847,0.1999999998853847,0.2000000002292305,0.2000000002292305,0.7999999995415389,0.7999999990733747,0.8000000009169221,0.8000000018532505
14.09,0.199999999887104,0.199999999887104,0.2000000002257921,0.2000000002257921,0.7999999995484158,0.799999999087274,0.8000000009031683,0.8000000018254518
14.1,0.1999999998887974,0.1999999998887974,0.2000000002224052,0.2000000002224052,0.7999999995551896,0.799999999100965,0.8000000008896206,0.80000000179807
14.11,0.1999999998904654,0.1999999998904654,0.2000000002190691,0.2000000002190691,0.7999999995618617,0.7999999991144505,0.8000000008762764,0.8000000017710989
14.12,0.1999999998921085,0.1999999998921085,0.2000000002157831,0.2000000002157831,0.7999999995684338,0.7999999991277338,0.8000000008631323,0.8000000017445323
14.13,0.1999999998937268,0.1999999998937268,0.2000000002125463,0.2000000002125463,0.7999999995749073,0.7999999991408178,0.8000000008501853,0.8000000017183644
14.14,0.1999999998953209,0.1999999998953209,0.2000000002093582,0.2000000002093582,0.7999999995812836,0.7999999991537055,0.8000000008374326,0.800000001692589
14.15,0.1999999998968911,0.1999999998968911,0.2000000002062178,0.2000000002062178,0.7999999995875644,0.7999999991663999,0.8000000008248711,0.8000000016672002
14.16,0.1999999998984377,0.1999999998984377,0.2000000002031245,0.2000000002031245,0.7999999995937509,0.7999999991789039,0.8000000008124981,0.8000000016421922
14.17,0.1999999998999611,0.1999999998999611,0.2000000002000777,0.2000000002000777,0.7999999995998446,0.7999999991912203,0.8000000008003108,0.8000000016175592
14.18,0.1999999999014617,0.1999999999014617,0.2000000001970765,0.2000000001970765,0.7999999996058469,0.7999999992033521,0.8000000007883061,0.8000000015932958
14.19,0.1999999999029398,0.1999999999029398,0.2000000001941204,0.2000000001941204,0.7999999996117592,0.7999999992153017,0.8000000007764816,0.8000000015693964
14.2,0.1999999999043957,0.1999999999043957,0.2000000001912086,0.2000000001912086,0.7999999996175827,0.7999999992270722,0.8000000007648345,0.8000000015458555
14.21,0.1999999999058298,0.1999999999058298,0.2000000001883405,0.2000000001883405,0.799999999623319,0.7999999992386662,0.8000000007533619,0.8000000015226676
14.22,0.1999999999072423,0.1999999999072423,0.2000000001855153,0.2000000001855153,0.7999999996289693,0.7999999992500861,0.8000000007420613,0.8000000014998276
14.23,0.1999999999086337,0.1999999999086337,0.2000000001827326,0.2000000001827326,0.7999999996345347,0.7999999992613348,0.8000000007309305,0.8000000014773303
14.24,0.1999999999100042,0.1999999999100042,0.2000000001799916,0.2000000001799916,0.7999999996400167,0.7999999992724148,0.8000000007199666,0.8000000014551703
14.25,0.1999999999113541,0.1999999999113541,0.2000000001772917,0.2000000001772917,0.7999999996454165,0.7999999992833287,0.800000000709167,0.8000000014333426
14.26,0.1999999999126838,0.1999999999126838,0.2000000001746324,0.2000000001746324,0.7999999996507352,0.7999999992940787,0.8000000006985295,0.8000000014118425
14.27,0.1999999999139935,0.1999999999139935,0.2000000001720129,0.2000000001720129,0.7999999996559741,0.7999999993046676,0.8000000006880517,0.8000000013906647
14.28,0.1999999999152836,0.1999999999152836,0.2000000001694327,0.2000000001694327,0.7999999996611346,0.7999999993150976,0.8000000006777308,0.8000000013698048
14.29,0.1999999999165544,0.1999999999165544,0.2000000001668912,0.2000000001668912,0.7999999996662175,0.7999999993253711,0.8000000006675649,0.8000000013492576
14.3,0.1999999999178061,0.1999999999178061,0.2000000001643878,0.2000000001643878,0.7999999996712243,0.7999999993354906,0.8000000006575514,0.8000000013290187
14.31,0.199999999919039,0.199999999919039,0.200000000161922,0.200000000161922,0.7999999996761559,0.7999999993454583,0.8000000006476882,0.8000000013090833
14.32,0.1999999999202534,0.1999999999202534,0.2000000001594932,0.2000000001594932,0.7999999996810135,0.7999999993552764,0.8000000006379728,0.800000001289447
14.33,0.1999999999214496,0.1999999999214496,0.2000000001571008,0.2000000001571008,0.7999999996857984,0.7999999993649473,0.8000000006284032,0.8000000012701054
14.34,0.1999999999226278,0.1999999999226278,0.2000000001547443,0.2000000001547443,0.7999999996905114,0.7999999993744731,0.8000000006189771,0.8000000012510537
14.35,0.1999999999237884,0.1999999999237884,0.2000000001524231,0.2000000001524231,0.7999999996951537,0.799999999383856,0.8000000006096926,0.8000000012322879
14.36,0.1999999999249316,0.1999999999249316,0.2000000001501368,0.2000000001501368,0.7999999996997263,0.7999999993930982,0.8000000006005472,0.8000000012138035
14.37,0.1999999999260576,0.1999999999260576,0.2000000001478848,0.2000000001478848,0.7999999997042304,0.7999999994022017,0.8000000005915391,0.8000000011955966
14.38,0.1999999999271667,0.1999999999271667,0.2000000001456665,0.2000000001456665,0.799999999708667,0.7999999994111686,0.800000000582666,0.8000000011776627
14.39,0.1999999999282592,0.1999999999282592,0.2000000001434815,0.2000000001434815,0.7999999997130369,0.7999999994200011,0.8000000005739261,0.8000000011599977
14.4,0.1999999999293353,0.1999999999293353,0.2000000001413293,0.2000000001413293,0.7999999997173414,0.799999999428701,0.8000000005653172,0.8000000011425978
14.41,0.1999999999303953,0.1999999999303953,0.2000000001392094,0.2000000001392094,0.7999999997215812,0.7999999994372705,0.8000000005568375,0.8000000011254589
14.42,0.1999999999314394,0.1999999999314394,0.2000000001371212,0.2000000001371212,0.7999999997257575,0.7999999994457114,0.8000000005484849,0.8000000011085771
14.43,0.1999999999324678,0.1999999999324678,0.2000000001350644,0.2000000001350644,0.7999999997298711,0.7999999994540258,0.8000000005402577,0.8000000010919484
14.44,0.1999999999334808,0.1999999999334808,0.2000000001330384,0.2000000001330384,0.7999999997339231,0.7999999994622153,0.8000000005321537,0.8000000010755692
14.45,0.1999999999344786,0.1999999999344786,0.2000000001310429,0.2000000001310429,0.7999999997379142,0.7999999994702821,0.8000000005241714,0.8000000010594357
14.46,0.1999999999354614,0.1999999999354614,0.2000000001290772,0.2000000001290772,0.7999999997418455,0.7999999994782279,0.8000000005163088,0.8000000010435442
14.47,0.1999999999364295,0.1999999999364295,0.200000000127141,0.200000000127141,0.7999999997457179,0.7999999994860545,0.8000000005085641,0.8000000010278909
14.48,0.199999999937383,0.199999999937383,0.2000000001252339,0.2000000001252339,0.7999999997495322,0.7999999994937637,0.8000000005009356,0.8000000010124726
14.49,0.1999999999383223,0.1999999999383223,0.2000000001233554,0.2000000001233554,0.7999999997532892,0.7999999995013573,0.8000000004934216,0.8000000009972854
14.5,0.1999999999392475,0.1999999999392475,0.200000000121505,0.200000000121505,0.7999999997569899,0.7999999995088369,0.8000000004860202,0.800000000982326
14.51,0.1999999999401588,0.1999999999401588,0.2000000001196824,0.2000000001196824,0.7999999997606351,0.7999999995162044,0.8000000004787298,0.8000000009675912
14.52,0.1999999999410564,0.1999999999410564,0.2000000001178872,0.2000000001178872,0.7999999997642255,0.7999999995234613,0.8000000004715488,0.8000000009530772
14.53,0.1999999999419405,0.1999999999419405,0.2000000001161189,0.2000000001161189,0.7999999997677621,0.7999999995306094,0.8000000004644756,0.8000000009387811
14.54,0.1999999999428114,0.1999999999428114,0.2000000001143771,0.2000000001143771,0.7999999997712457,0.7999999995376502,0.8000000004575085,0.8000000009246995
14.55,0.1999999999436693,0.1999999999436693,0.2000000001126614,0.2000000001126614,0.7999999997746771,0.7999999995445854,0.8000000004506458,0.800000000910829
14.56,0.1999999999445142,0.1999999999445142,0.2000000001109715,0.2000000001109715,0.7999999997780569,0.7999999995514167,0.8000000004438861,0.8000000008971666
14.57,0.1999999999453465,0.1999999999453465,0.200000000109307,0.200000000109307,0.799999999781386,0.7999999995581454,0.8000000004372279,0.8000000008837092
14.58,0.1999999999461663,0.1999999999461663,0.2000000001076674,0.2000000001076674,0.7999999997846652,0.7999999995647732,0.8000000004306695,0.8000000008704535
14.59,0.1999999999469738,0.1999999999469738,0.2000000001060524,0.2000000001060524,0.7999999997878952,0.7999999995713016,0.8000000004242096,0.8000000008573966
14.6,0.1999999999477692,0.1999999999477692,0.2000000001044616,0.2000000001044616,0.7999999997910767,0.7999999995777322,0.8000000004178465,0.8000000008445356
14.61,0.1999999999485526,0.1999999999485526,0.2000000001028947,0.2000000001028947,0.7999999997942105,0.7999999995840662,0.8000000004115788,0.8000000008318675
14.62,0.1999999999493244,0.1999999999493244,0.2000000001013513,0.2000000001013513,0.7999999997972974,0.7999999995903052,0.8000000004054051,0.8000000008193895
14.63,0.1999999999500845,0.1999999999500845,0.200000000099831,0.200000000099831,0.799999999800338,0.7999999995964506,0.800000000399324,0.8000000008070987
14.64,0.1999999999508332,0.1999999999508332,0.2000000000983335,0.2000000000983335,0.7999999998033329,0.7999999996025039,0.8000000003933341,0.8000000007949921
14.65,0.1999999999515707,0.1999999999515707,0.2000000000968585,0.2000000000968585,0.7999999998062829,0.7999999996084664,0.8000000003874341,0.8000000007830672
14.66,0.1999999999522972,0.1999999999522972,0.2000000000954056,0.2000000000954056,0.7999999998091887,0.7999999996143393,0.8000000003816226,0.8000000007713213
14.67,0.1999999999530127,0.1999999999530127,0.2000000000939746,0.2000000000939746,0.7999999998120508,0.7999999996201242,0.8000000003758982,0.8000000007597514
14.68,0.1999999999537175,0.1999999999537175,0.200000000092565,0.200000000092565,0.79999999981487,0.7999999996258224,0.8000000003702599,0.8000000007483552
14.69,0.1999999999544118,0.1999999999544118,0.2000000000911765,0.2000000000911765,0.799999999817647,0.799999999631435,0.8000000003647059,0.80000000073713
14.7,0.1999999999550956,0.1999999999550956,0.2000000000898088,0.2000000000898088,0.7999999998203823,0.7999999996369634,0.8000000003592354,0.800000000726073
14.71,0.1999999999557691,0.1999999999557691,0.2000000000884617,0.2000000000884617,0.7999999998230766,0.799999999642409,0.8000000003538468,0.800000000715182
14.72,0.1999999999564326,0.1999999999564326,0.2000000000871348,0.2000000000871348,0.7999999998257304,0.7999999996477728,0.800000000348539,0.8000000007044543
14.73,0.1999999999570861,0.1999999999570861,0.2000000000858277,0.2000000000858277,0.7999999998283445,0.7999999996530562,0.800000000343311,0.8000000006938874
14.74,0.1999999999577298,0.1999999999577298,0.2000000000845403,0.2000000000845403,0.7999999998309193,0.7999999996582604,0.8000000003381613,0.8000000006834791
14.75,0.1999999999583639,0.1999999999583639,0.2000000000832722,0.2000000000832722,0.7999999998334555,0.7999999996633865,0.8000000003330889,0.8000000006732269
14.76,0.1999999999589884,0.1999999999589884,0.2000000000820232,0.2000000000820232,0.7999999998359536,0.7999999996684357,0.8000000003280927,0.8000000006631285
14.77,0.1999999999596036,0.1999999999596036,0.2000000000807928,0.2000000000807928,0.7999999998384143,0.7999999996734092,0.8000000003231713,0.8000000006531816
14.78,0.1999999999602095,0.1999999999602095,0.2000000000795809,0.2000000000795809,0.7999999998408381,0.799999999678308,0.8000000003183236,0.8000000006433838
14.79,0.1999999999608064,0.1999999999608064,0.2000000000783872,0.2000000000783872,0.7999999998432256,0.7999999996831334,0.8000000003135488,0.8000000006337331
14.8,0.1999999999613943,0.1999999999613943,0.2000000000772114,0.2000000000772114,0.7999999998455771,0.7999999996878864,0.8000000003088457,0.8000000006242272
14.81,0.1999999999619734,0.1999999999619734,0.2000000000760532,0.2000000000760532,0.7999999998478935,0.7999999996925681,0.8000000003042129,0.8000000006148638
14.82,0.1999999999625438,0.1999999999625438,0.2000000000749124,0.2000000000749124,0.7999999998501751,0.7999999996971796,0.8000000002996497,0.8000000006056407
14.83,0.1999999999631056,0.1999999999631056,0.2000000000737887,0.2000000000737887,0.7999999998524225,0.7999999997017219,0.8000000002951548,0.8000000005965562
14.84,0.1999999999636591,0.1999999999636591,0.2000000000726819,0.2000000000726819,0.7999999998546362,0.7999999997061961,0.8000000002907275,0.8000000005876078
14.85,0.1999999999642042,0.1999999999642042,0.2000000000715916,0.2000000000715916,0.7999999998568167,0.7999999997106031,0.8000000002863665,0.8000000005787937
14.86,0.1999999999647411,0.1999999999647411,0.2000000000705178,0.2000000000705178,0.7999999998589644,0.7999999997149441,0.8000000002820711,0.8000000005701118
14.87,0.19999999996527,0.19999999996527,0.20000000006946,0.20000000006946,0.7999999998610799,0.7999999997192199,0.80000000027784,0.8000000005615602
14.88,0.1999999999657909,0.1999999999657909,0.2000000000684181,0.2000000000684181,0.7999999998631637,0.7999999997234316,0.8000000002736725,0.8000000005531367
14.89,0.1999999999663041,0.1999999999663041,0.2000000000673918,0.2000000000673918,0.7999999998652163,0.7999999997275802,0.8000000002695673,0.8000000005448396
14.9,0.1999999999668095,0.1999999999668095,0.200000000066381,0.200000000066381,0.799999999867238,0.7999999997316665,0.8000000002655239,0.800000000536667
14.91,0.1999999999673074,0.1999999999673074,0.2000000000653853,0.2000000000653853,0.7999999998692294,0.7999999997356915,0.8000000002615411,0.800000000528617
14.92,0.1999999999677977,0.1999999999677977,0.2000000000644045,0.2000000000644045,0.799999999871191,0.7999999997396561,0.800000000257618,0.8000000005206878
14.93,0.1999999999682808,0.1999999999682808,0.2000000000634384,0.2000000000634384,0.7999999998731231,0.7999999997435613,0.8000000002537537,0.8000000005128773
14.94,0.1999999999687566,0.1999999999687566,0.2000000000624869,0.2000000000624869,0.7999999998750262,0.7999999997474079,0.8000000002499474,0.8000000005051842
14.95,0.1999999999692252,0.1999999999692252,0.2000000000615496,0.2000000000615496,0.7999999998769008,0.7999999997511967,0.8000000002461982,0.8000000004976064
14.96,0.1999999999696868,0.1999999999696868,0.2000000000606263,0.2000000000606263,0.7999999998787474,0.7999999997549287,0.8000000002425052,0.8000000004901424
14.97,0.1999999999701415,0.1999999999701415,0.2000000000597169,0.2000000000597169,0.7999999998805661,0.7999999997586048,0.8000000002388676,0.8000000004827903
14.98,0.1999999999705894,0.1999999999705894,0.2000000000588212,0.2000000000588212,0.7999999998823576,0.7999999997622257,0.8000000002352847,0.8000000004755485
14.99,0.1999999999710305,0.1999999999710305,0.2000000000579389,0.2000000000579389,0.7999999998841222,0.7999999997657923,0.8000000002317555,0.8000000004684154
15,0.1999999999714651,0.1999999999714651,0.2000000000570698,0.2000000000570698,0.7999999998858603,0.7999999997693054,0.8000000002282792,0.8000000004613892
15.01,0.1999999999718931,0.1999999999718931,0.2000000000562138,0.2000000000562138,0.7999999998875724,0.7999999997727658,0.8000000002248551,0.8000000004544683
15.02,0.1999999999723147,0.1999999999723147,0.2000000000553706,0.2000000000553706,0.7999999998892589,0.7999999997761743,0.8000000002214822,0.8000000004476513
15.03,0.19999999997273,0.19999999997273,0.20000000005454,0.20000000005454,0.79999999989092,0.7999999997795317,0.80000000021816,0.8000000004409364
15.04,0.1999999999731391,0.1999999999731391,0.2000000000537219,0.2000000000537219,0.7999999998925562,0.7999999997828388,0.8000000002148875,0.8000000004343224
15.05,0.199999999973542,0.199999999973542,0.200000000052916,0.200000000052916,0.7999999998941679,0.7999999997860961,0.8000000002116641,0.8000000004278076
15.06,0.1999999999739389,0.1999999999739389,0.2000000000521223,0.2000000000521223,0.7999999998957554,0.7999999997893047,0.800000000208489,0.8000000004213905
15.07,0.1999999999743298,0.1999999999743298,0.2000000000513404,0.2000000000513404,0.7999999998973191,0.7999999997924652,0.8000000002053618,0.8000000004150696
15.08,0.1999999999747148,0.1999999999747148,0.2000000000505703,0.2000000000505703,0.7999999998988593,0.7999999997955782,0.8000000002022813,0.8000000004088434
15.09,0.1999999999750941,0.1999999999750941,0.2000000000498118,0.2000000000498118,0.7999999999003764,0.7999999997986446,0.8000000001992471,0.8000000004027108
15.1,0.1999999999754677,0.1999999999754677,0.2000000000490646,0.2000000000490646,0.7999999999018708,0.7999999998016649,0.8000000001962584,0.8000000003966701
15.11,0.1999999999758357,0.1999999999758357,0.2000000000483286,0.2000000000483286,0.7999999999033427,0.79999999980464,0.8000000001933145,0.8000000003907199
15.12,0.1999999999761981,0.1999999999761981,0.2000000000476037,0.2000000000476037,0.7999999999047925,0.7999999998075704,0.8000000001904148,0.8000000003848591
15.13,0.1999999999765552,0.1999999999765552,0.2000000000468897,0.2000000000468897,0.7999999999062206,0.7999999998104569,0.8000000001875587,0.8000000003790861
15.14,0.1999999999769068,0.1999999999769068,0.2000000000461863,0.2000000000461863,0.7999999999076273,0.7999999998133001,0.8000000001847454,0.8000000003733998
15.15,0.1999999999772532,0.1999999999772532,0.2000000000454936,0.2000000000454936,0.7999999999090128,0.7999999998161006,0.8000000001819743,0.8000000003677987
15.16,0.1999999999775944,0.1999999999775944,0.2000000000448112,0.2000000000448112,0.7999999999103776,0.7999999998188591,0.8000000001792447,0.8000000003622818
15.17,0.1999999999779305,0.1999999999779305,0.200000000044139,0.200000000044139,0.799999999911722,0.7999999998215762,0.8000000001765559,0.8000000003568475
15.18,0.1999999999782615,0.1999999999782615,0.2000000000434769,0.2000000000434769,0.7999999999130462,0.7999999998242525,0.8000000001739076,0.8000000003514949
15.19,0.1999999999785876,0.1999999999785876,0.2000000000428248,0.2000000000428248,0.7999999999143504,0.7999999998268887,0.800000000171299,0.8000000003462224
15.2,0.1999999999789088,0.1999999999789088,0.2000000000421824,0.2000000000421824,0.7999999999156352,0.7999999998294854,0.8000000001687295,0.800000000341029
15.21,0.1999999999792252,0.1999999999792252,0.2000000000415497,0.2000000000415497,0.7999999999169006,0.7999999998320432,0.8000000001661987,0.8000000003359136
15.22,0.1999999999795368,0.1999999999795368,0.2000000000409264,0.2000000000409264,0.7999999999181471,0.7999999998345625,0.8000000001637058,0.8000000003308749
15.23,0.1999999999798437,0.1999999999798437,0.2000000000403125,0.2000000000403125,0.7999999999193749,0.7999999998370441,0.8000000001612502,0.8000000003259118
15.24,0.1999999999801461,0.1999999999801461,0.2000000000397079,0.2000000000397079,0.7999999999205842,0.7999999998394884,0.8000000001588314,0.800000000321023
15.25,0.1999999999804439,0.1999999999804439,0.2000000000391122,0.2000000000391122,0.7999999999217755,0.7999999998418961,0.8000000001564489,0.8000000003162078
15.26,0.1999999999807372,0.1999999999807372,0.2000000000385255,0.2000000000385255,0.7999999999229489,0.7999999998442676,0.8000000001541021,0.8000000003114647
15.27,0.1999999999810262,0.1999999999810262,0.2000000000379477,0.2000000000379477,0.7999999999241046,0.7999999998466036,0.8000000001517906,0.8000000003067926
15.28,0.1999999999813108,0.1999999999813108,0.2000000000373784,0.2000000000373784,0.7999999999252431,0.7999999998489046,0.8000000001495138,0.8000000003021908
15.29,0.1999999999815911,0.1999999999815911,0.2000000000368178,0.2000000000368178,0.7999999999263644,0.799999999851171,0.8000000001472711,0.8000000002976579
15.3,0.1999999999818672,0.1999999999818672,0.2000000000362655,0.2000000000362655,0.799999999927469,0.7999999998534034,0.800000000145062,0.8000000002931931
15.31,0.1999999999821392,0.1999999999821392,0.2000000000357215,0.2000000000357215,0.799999999928557,0.7999999998556023,0.800000000142886,0.8000000002887953
15.32,0.1999999999824072,0.1999999999824072,0.2000000000351856,0.2000000000351856,0.7999999999296287,0.7999999998577683,0.8000000001407426,0.8000000002844634
15.33,0.1999999999826711,0.1999999999826711,0.2000000000346578,0.2000000000346578,0.7999999999306843,0.7999999998599018,0.8000000001386314,0.8000000002801964
15.34,0.199999999982931,0.199999999982931,0.200000000034138,0.200000000034138,0.799999999931724,0.7999999998620032,0.8000000001365519,0.8000000002759935
15.35,0.199999999983187,0.199999999983187,0.2000000000336259,0.2000000000336259,0.7999999999327482,0.7999999998640731,0.8000000001345036,0.8000000002718537
15.36,0.1999999999834392,0.1999999999834392,0.2000000000331215,0.2000000000331215,0.7999999999337569,0.799999999866112,0.8000000001324861,0.8000000002677758
15.37,0.1999999999836876,0.1999999999836876,0.2000000000326247,0.2000000000326247,0.7999999999347506,0.7999999998681203,0.8000000001304988,0.8000000002637593
15.38,0.1999999999839323,0.1999999999839323,0.2000000000321353,0.2000000000321353,0.7999999999357293,0.7999999998700985,0.8000000001285412,0.8000000002598029
15.39,0.1999999999841733,0.1999999999841733,0.2000000000316533,0.2000000000316533,0.7999999999366934,0.7999999998720471,0.8000000001266132,0.8000000002559058
15.4,0.1999999999844107,0.1999999999844107,0.2000000000311785,0.2000000000311785,0.7999999999376429,0.7999999998739663,0.8000000001247141,0.8000000002520673
15.41,0.1999999999846446,0.1999999999846446,0.2000000000307108,0.2000000000307108,0.7999999999385783,0.7999999998758568,0.8000000001228433,0.8000000002482863
15.42,0.1999999999848749,0.1999999999848749,0.2000000000302501,0.2000000000302501,0.7999999999394997,0.799999999877719,0.8000000001210006,0.800000000244562
15.43,0.1999999999851018,0.1999999999851018,0.2000000000297964,0.2000000000297964,0.7999999999404072,0.7999999998795532,0.8000000001191856,0.8000000002408936
15.44,0.1999999999853252,0.1999999999853252,0.2000000000293495,0.2000000000293495,0.799999999941301,0.7999999998813598,0.8000000001173979,0.8000000002372802
15.45,0.1999999999855454,0.1999999999855454,0.2000000000289092,0.2000000000289092,0.7999999999421815,0.7999999998831394,0.8000000001156369,0.8000000002337211
15.46,0.1999999999857622,0.1999999999857622,0.2000000000284756,0.2000000000284756,0.7999999999430488,0.7999999998848923,0.8000000001139023,0.8000000002302152
15.47,0.1999999999859758,0.1999999999859758,0.2000000000280484,0.2000000000280484,0.7999999999439031,0.799999999886619,0.8000000001121936,0.800000000226762
15.48,0.1999999999861861,0.1999999999861861,0.2000000000276277,0.2000000000276277,0.7999999999447446,0.7999999998883197,0.8000000001105108,0.8000000002233605
15.49,0.1999999999863933,0.1999999999863933,0.2000000000272133,0.2000000000272133,0.7999999999455734,0.7999999998899949,0.8000000001088532,0.8000000002200101
15.5,0.1999999999865974,0.1999999999865974,0.2000000000268051,0.2000000000268051,0.7999999999463897,0.7999999998916451,0.8000000001072205,0.8000000002167098
15.51,0.1999999999867985,0.1999999999867985,0.2000000000264031,0.2000000000264031,0.7999999999471938,0.7999999998932704,0.8000000001056122,0.8000000002134591
15.52,0.1999999999869965,0.1999999999869965,0.200000000026007,0.200000000026007,0.799999999947986,0.7999999998948714,0.8000000001040279,0.8000000002102572
15.53,0.1999999999871916,0.1999999999871916,0.2000000000256169,0.2000000000256169,0.7999999999487662,0.7999999998964483,0.8000000001024674,0.8000000002071033
15.54,0.1999999999873837,0.1999999999873837,0.2000000000252326,0.2000000000252326,0.7999999999495347,0.7999999998980016,0.8000000001009304,0.8000000002039966
15.55,0.1999999999875729,0.1999999999875729,0.2000000000248541,0.2000000000248541,0.7999999999502917,0.7999999998995316,0.8000000000994165,0.8000000002009366
15.56,0.1999999999877593,0.1999999999877593,0.2000000000244813,0.2000000000244813,0.7999999999510373,0.7999999999010386,0.8000000000979253,0.8000000001979226
15.57,0.1999999999879429,0.1999999999879429,0.2000000000241141,0.2000000000241141,0.7999999999517717,0.799999999902523,0.8000000000964564,0.8000000001949539
15.58,0.1999999999881238,0.1999999999881238,0.2000000000237524,0.2000000000237524,0.7999999999524952,0.7999999999039852,0.8000000000950096,0.8000000001920295
15.59,0.1999999999883019,0.1999999999883019,0.2000000000233961,0.2000000000233961,0.7999999999532077,0.7999999999054254,0.8000000000935845,0.8000000001891492
15.6,0.1999999999884774,0.1999999999884774,0.2000000000230452,0.2000000000230452,0.7999999999539096,0.799999999906844,0.8000000000921808,0.8000000001863119
15.61,0.1999999999886502,0.1999999999886502,0.2000000000226995,0.2000000000226995,0.7999999999546009,0.7999999999082413,0.8000000000907981,0.8000000001835172
15.62,0.1999999999888205,0.1999999999888205,0.200000000022359,0.200000000022359,0.7999999999552819,0.7999999999096177,0.8000000000894361,0.8000000001807646
15.63,0.1999999999889882,0.1999999999889882,0.2000000000220236,0.2000000000220236,0.7999999999559527,0.7999999999109734,0.8000000000880945,0.8000000001780532
15.64,0.1999999999891534,0.1999999999891534,0.2000000000216933,0.2000000000216933,0.7999999999566134,0.7999999999123087,0.8000000000867731,0.8000000001753824
15.65,0.1999999999893161,0.1999999999893161,0.2000000000213679,0.2000000000213679,0.7999999999572642,0.7999999999136241,0.8000000000854715,0.8000000001727516
15.66,0.1999999999894763,0.1999999999894763,0.2000000000210473,0.2000000000210473,0.7999999999579053,0.7999999999149198,0.8000000000841894,0.8000000001701604
15.67,0.1999999999896342,0.1999999999896342,0.2000000000207316,0.2000000000207316,0.7999999999585367,0.799999999916196,0.8000000000829266,0.800000000167608
15.68,0.1999999999897897,0.1999999999897897,0.2000000000204207,0.2000000000204207,0.7999999999591586,0.7999999999174531,0.8000000000816827,0.8000000001650938
15.69,0.1999999999899428,0.1999999999899428,0.2000000000201144,0.2000000000201144,0.7999999999597712,0.7999999999186913,0.8000000000804575,0.8000000001626173
15.7,0.1999999999900937,0.1999999999900937,0.2000000000198127,0.2000000000198127,0.7999999999603746,0.7999999999199109,0.8000000000792507,0.8000000001601781
15.71,0.1999999999902423,0.1999999999902423,0.2000000000195155,0.2000000000195155,0.799999999960969,0.7999999999211123,0.8000000000780618,0.8000000001577754
15.72,0.1999999999903886,0.1999999999903886,0.2000000000192227,0.2000000000192227,0.7999999999615545,0.7999999999222955,0.800000000076891,0.8000000001554088
15.73,0.1999999999905328,0.1999999999905328,0.2000000000189344,0.2000000000189344,0.7999999999621311,0.799999999923461,0.8000000000757377,0.8000000001530778
15.74,0.1999999999906748,0.1999999999906748,0.2000000000186504,0.2000000000186504,0.7999999999626991,0.7999999999246091,0.8000000000746017,0.8000000001507817
15.75,0.1999999999908147,0.1999999999908147,0.2000000000183706,0.2000000000183706,0.7999999999632587,0.79999999992574,0.8000000000734826,0.8000000001485199
15.76,0.1999999999909524,0.1999999999909524,0.2000000000180951,0.2000000000180951,0.7999999999638098,0.7999999999268539,0.8000000000723804,0.8000000001462921
15.77,0.1999999999910882,0.1999999999910882,0.2000000000178236,0.2000000000178236,0.7999999999643527,0.7999999999279511,0.8000000000712946,0.8000000001440977
15.78,0.1999999999912218,0.1999999999912218,0.2000000000175563,0.2000000000175563,0.7999999999648874,0.7999999999290318,0.8000000000702252,0.8000000001419363
15.79,0.1999999999913535,0.1999999999913535,0.200000000017293,0.200000000017293,0.799999999965414,0.7999999999300963,0.8000000000691718,0.8000000001398073
15.8,0.1999999999914832,0.1999999999914832,0.2000000000170336,0.2000000000170336,0.7999999999659329,0.7999999999311449,0.8000000000681342,0.8000000001377101
15.81,0.199999999991611,0.199999999991611,0.200000000016778,0.200000000016778,0.7999999999664439,0.7999999999321777,0.8000000000671121,0.8000000001356444
15.82,0.1999999999917368,0.1999999999917368,0.2000000000165263,0.2000000000165263,0.7999999999669473,0.799999999933195,0.8000000000661054,0.8000000001336098
15.83,0.1999999999918608,0.1999999999918608,0.2000000000162784,0.2000000000162784,0.7999999999674431,0.7999999999341971,0.8000000000651137,0.8000000001316057
15.84,0.1999999999919829,0.1999999999919829,0.2000000000160342,0.2000000000160342,0.7999999999679315,0.7999999999351841,0.800000000064137,0.8000000001296317
15.85,0.1999999999921031,0.1999999999921031,0.2000000000157937,0.2000000000157937,0.7999999999684125,0.7999999999361563,0.8000000000631748,0.8000000001276872
15.86,0.1999999999922216,0.1999999999922216,0.2000000000155568,0.2000000000155568,0.7999999999688864,0.799999999937114,0.8000000000622272,0.8000000001257719
15.87,0.1999999999923383,0.1999999999923383,0.2000000000153234,0.2000000000153234,0.7999999999693531,0.7999999999380573,0.8000000000612937,0.8000000001238854
15.88,0.1999999999924532,0.1999999999924532,0.2000000000150935,0.2000000000150935,0.7999999999698129,0.7999999999389864,0.8000000000603742,0.8000000001220271
15.89,0.1999999999925664,0.1999999999925664,0.2000000000148671,0.2000000000148671,0.7999999999702657,0.7999999999399016,0.8000000000594685,0.8000000001201968
15.9,0.1999999999926779,0.1999999999926779,0.2000000000146441,0.2000000000146441,0.7999999999707117,0.7999999999408031,0.8000000000585765,0.8000000001183938
15.91,0.1999999999927878,0.1999999999927878,0.2000000000144245,0.2000000000144245,0.799999999971151,0.799999999941691,0.8000000000576979,0.8000000001166179
15.92,0.1999999999928959,0.1999999999928959,0.2000000000142081,0.2000000000142081,0.7999999999715838,0.7999999999425657,0.8000000000568324,0.8000000001148686
15.93,0.1999999999930025,0.1999999999930025,0.200000000013995,0.200000000013995,0.79999999997201,0.7999999999434272,0.8000000000559799,0.8000000001131455
15.94,0.1999999999931075,0.1999999999931075,0.200000000013785,0.200000000013785,0.7999999999724299,0.7999999999442757,0.8000000000551402,0.8000000001114485
15.95,0.1999999999932109,0.1999999999932109,0.2000000000135783,0.2000000000135783,0.7999999999728434,0.7999999999451116,0.800000000054313,0.8000000001097767
15.96,0.1999999999933127,0.1999999999933127,0.2000000000133746,0.2000000000133746,0.7999999999732508,0.799999999945935,0.8000000000534984,0.80000000010813
15.97,0.199999999993413,0.199999999993413,0.200000000013174,0.200000000013174,0.799999999973652,0.799999999946746,0.8000000000526959,0.800000000106508
15.98,0.1999999999935118,0.1999999999935118,0.2000000000129764,0.2000000000129764,0.7999999999740472,0.7999999999475448,0.8000000000519054,0.8000000001049103
15.99,0.1999999999936091,0.1999999999936091,0.2000000000127817,0.2000000000127817,0.7999999999744365,0.7999999999483316,0.8000000000511269,0.8000000001033367
16,0.199999999993705,0.199999999993705,0.20000000001259,0.20000000001259,0.79999999997482,0.7999999999491066,0.80000000005036,0.8000000001017866
